1.683064129261157005e-01
1.487443819204506412e-01
1.384658310658192504e-01
1.210622876231412792e-01
1.092067103665711192e-01
9.759308476001184174e-02
8.671018328786038454e-02
8.152420076607416743e-02
7.640773421644218855e-02
6.256830334676717620e-02
5.202527060631676609e-02
4.742245512819725367e-02
4.266404680158289442e-02
3.986791558878175629e-02
3.456546575609523164e-02
2.962518178355598789e-02
2.830997035737834594e-02
2.625968240896019504e-02
2.431496016098814647e-02
2.288689460974125192e-02
2.165064939694449214e-02
2.028289828036670614e-02
1.976215883605262139e-02
1.831514210970583076e-02
1.725011198319032976e-02
1.635682913191948210e-02
1.412101184549181473e-02
1.396482847568828768e-02
1.334965458449892568e-02
1.313098394069477093e-02
1.288833303517415534e-02
1.256344122090441093e-02
1.209787449136781948e-02
1.164438365879050252e-02
1.119529371338473349e-02
1.055533162424888635e-02
1.053975702696080194e-02
1.035942235971917466e-02
1.035484163147612838e-02
1.028513640673232692e-02
1.027941516414062652e-02
1.018388561607141453e-02
1.015934439416531568e-02
1.010264462252944556e-02
1.008461045934689812e-02
1.002904132691222021e-02
9.880945003693991646e-03
9.880945003693991646e-03
9.847755452787676847e-03
9.614386817887345463e-03
9.614126648083734863e-03
9.593225884295147887e-03
9.591243366982967616e-03
9.261697572473987644e-03
9.244929464111741046e-03
9.052216954752985087e-03
9.052216954752985087e-03
9.052174628150213773e-03
9.052174628150213773e-03
9.038863716589989883e-03
9.035717414411581841e-03
9.035717414411581841e-03
9.035717414411581841e-03
8.876878850103634561e-03
8.866399571968263185e-03
8.846515328938868439e-03
8.846515328938868439e-03
8.843787933817476993e-03
8.843787933817476993e-03
8.843138219984381793e-03
8.837506641457054321e-03
8.823335639782076134e-03
8.823335639782076134e-03
8.822406836035204258e-03
8.821553486207975997e-03
8.818360871954138147e-03
8.816439984627777449e-03
8.816439984627777449e-03
8.813465899315949328e-03
8.810916952848616215e-03
8.810916952848616215e-03
8.810916952848616215e-03
8.810916952848616215e-03
8.810736860307404744e-03
8.810736860307404744e-03
8.810110598738126256e-03
8.810110598738126256e-03
8.808780839987605943e-03
8.808780839987605943e-03
8.808780839987605943e-03
8.805733521570551989e-03
8.805454314606143973e-03
8.805445257337396470e-03
8.805279170037108583e-03
8.805279170037108583e-03
8.799076039844177730e-03
8.796923112845880105e-03
8.796807541619844698e-03
8.795868979439538243e-03
8.795378738939770014e-03
8.795299046022475239e-03
8.795299046022475239e-03
8.795299046022475239e-03
8.795299046022475239e-03
8.795299046022475239e-03
8.792977774037041491e-03
8.792977774037041491e-03
8.792977774037041491e-03
8.727879243971146256e-03
8.727739872290831563e-03
8.727739872290831563e-03
8.727739872290831563e-03
8.727587121368332243e-03
8.727587121368332243e-03
8.727587121368332243e-03
8.727587121368332243e-03
8.727495946803789928e-03
8.727495946803789928e-03
8.712157333415385466e-03
8.712157333415385466e-03
8.712157333415385466e-03
8.712157333415385466e-03
8.709717233991082219e-03
8.654224926795664810e-03
8.654224926795664810e-03
8.654085542994327182e-03
8.654085542994327182e-03
8.654085542994327182e-03
8.654085542994327182e-03
8.653982000232511226e-03
8.653982000232511226e-03
8.653982000232511226e-03
8.653982000232511226e-03
8.653982000232511226e-03
8.653924700786765761e-03
8.653924700786765761e-03
8.653911764844113633e-03
8.653911764844113633e-03
8.653911764844113633e-03
8.651641619543820605e-03
8.651641619543820605e-03
8.651641619543820605e-03
8.651641619543820605e-03
8.651638771019789370e-03
8.651159304671788078e-03
8.651159304671788078e-03
8.465169855351267064e-03
8.465169855351267064e-03
8.465169855351267064e-03
8.465169855351267064e-03
8.465169855351267064e-03
8.465169855351267064e-03
8.465169855351267064e-03
8.465169855351267064e-03
8.465169855351267064e-03
8.465169855351267064e-03
8.465169855351267064e-03
8.465169855351267064e-03
8.465122666568642568e-03
8.465122666568642568e-03
8.464148703553166578e-03
8.464148703553166578e-03
8.464148703553166578e-03
8.464148703553166578e-03
8.464009595587306672e-03
8.463886349718405602e-03
8.463886349718405602e-03
8.463886349718405602e-03
8.463833595165923956e-03
8.463236271397505880e-03
8.463231366345455586e-03
8.463231366345455586e-03
8.463231366345455586e-03
8.463231366345455586e-03
8.463231366345455586e-03
8.463152155482645683e-03
8.463134216361712162e-03
8.463134216361712162e-03
8.365203208123095022e-03
8.292250488168787653e-03
8.292250488168787653e-03
8.292250488168787653e-03
8.292250488168787653e-03
8.292250488168787653e-03
8.292250488168787653e-03
8.292250488168787653e-03
8.292250488168787653e-03
8.292250488168787653e-03
8.292250488168787653e-03
8.292250488168787653e-03
8.292250488168787653e-03
8.292250488168787653e-03
8.292250488168787653e-03
8.291646794497873479e-03
8.291646794497873479e-03
8.291646794497873479e-03
8.291597282326326757e-03
8.291203228333298911e-03
8.291203228333298911e-03
8.291203228333298911e-03
8.291203228333298911e-03
8.291203228333298911e-03
8.291203228333298911e-03
8.291203228333298911e-03
8.291203228333298911e-03
8.291203228333298911e-03
8.291203228333298911e-03
8.291203228333298911e-03
8.291203228333298911e-03
8.291203228333298911e-03
8.291203228333298911e-03
8.291203228333298911e-03
8.291203228333298911e-03
8.291203228333298911e-03
8.291203228333298911e-03
8.291178146287299724e-03
8.291156513629247687e-03
8.291155771649872178e-03
8.291155771649872178e-03
8.291155771649872178e-03
8.291155771649872178e-03
8.291069822800020694e-03
8.291069822800020694e-03
8.291069822800020694e-03
8.291051435876665293e-03
8.290798056415114164e-03
8.290798056415114164e-03
8.290798056415114164e-03
8.290798056415114164e-03
8.290664608945881239e-03
8.172207824701689660e-03
8.172207824701689660e-03
8.172121096736994356e-03
8.172121096736994356e-03
8.172121096736994356e-03
8.172121096736994356e-03
8.172121096736994356e-03
8.172121096736994356e-03
8.172055969391838620e-03
8.172055969391838620e-03
8.172055969391838620e-03
8.172055969391838620e-03
8.136360333682490092e-03
8.136213409322997150e-03
8.136213409322997150e-03
8.136213409322997150e-03
8.136213409322997150e-03
8.136213409322997150e-03
8.136213409322997150e-03
8.136213409322997150e-03
8.136213409322997150e-03
8.136213409322997150e-03
8.136213409322997150e-03
8.136213409322997150e-03
8.136213409322997150e-03
7.977386785232649241e-03
7.977386785232649241e-03
7.879279836412051916e-03
7.879279836412051916e-03
7.879279836412051916e-03
7.879279836412051916e-03
7.879279836412051916e-03
7.879276805028314137e-03
7.879276805028314137e-03
7.879276805028314137e-03
7.879276805028314137e-03
7.879268520046516303e-03
7.879268520046516303e-03
7.879268520046516303e-03
7.879268520046516303e-03
7.879243929480975878e-03
7.771180130491444835e-03
7.771180130491444835e-03
7.771180130491444835e-03
7.771180130491444835e-03
7.771180130491444835e-03
7.771180130491444835e-03
7.771180130491444835e-03
7.771180130491444835e-03
7.771180130491444835e-03
7.771180130491444835e-03
7.771096174132716833e-03
7.686792859760994620e-03
7.686792859760994620e-03
7.686792859760994620e-03
7.685997536000018643e-03
7.685945522586521382e-03
7.685945522586521382e-03
7.655122618419842560e-03
7.655122618419842560e-03
7.655122618419842560e-03
7.655122618419842560e-03
7.655122618419842560e-03
7.629826925955173790e-03
7.629826925955173790e-03
7.629826925955173790e-03
7.629826925955173790e-03
7.629826925955173790e-03
7.629826925955173790e-03
7.629826925955173790e-03
7.629826925955173790e-03
7.629826925955173790e-03
7.592011854027906625e-03
7.565024343598318254e-03
7.565024343598318254e-03
7.565024343598318254e-03
7.565024343598318254e-03
7.565024343598318254e-03
7.565024343598318254e-03
7.565024343598318254e-03
7.565024343598318254e-03
7.565024343598318254e-03
7.565024343598318254e-03
7.565020081217961601e-03
7.565020081217961601e-03
7.480923421184673509e-03
7.480923421184673509e-03
7.480794027411347309e-03
7.480794027411347309e-03
7.480727807813211672e-03
7.480716900526355843e-03
7.480716900526355843e-03
7.480716900526355843e-03
7.480716900526355843e-03
7.480716900526355843e-03
7.480716900526355843e-03
7.480706886376671874e-03
7.480706886376671874e-03
7.480706886376671874e-03
7.370443480751606019e-03
7.370443480751606019e-03
7.370443480751606019e-03
7.370443480751606019e-03
7.370443480751606019e-03
7.370443480751606019e-03
7.370443480751606019e-03
7.370443480751606019e-03
7.370443480751606019e-03
7.370443480751606019e-03
7.341394988075348321e-03
7.341394988075348321e-03
7.341394988075348321e-03
7.227241451262751692e-03
7.227241451262751692e-03
7.227189317255382738e-03
7.227189317255382738e-03
7.227189317255382738e-03
7.227189317255382738e-03
7.227189317255382738e-03
7.227189317255382738e-03
7.227189317255382738e-03
7.227189317255382738e-03
7.227189317255382738e-03
7.209872085662241172e-03
7.209872085662241172e-03
7.209872085662241172e-03
7.209872085662241172e-03
7.209872085662241172e-03
7.209388512405092049e-03
7.209388512405092049e-03
7.209388512405092049e-03
7.209388512405092049e-03
7.186919809912211896e-03
7.186919809912211896e-03
7.186864124391564163e-03
7.151957365118844466e-03
7.151957365118844466e-03
7.151957365118844466e-03
7.151957365118844466e-03
7.151957365118844466e-03
7.151957365118844466e-03
7.151957365118844466e-03
7.151957365118844466e-03
7.151957365118844466e-03
7.151957365118844466e-03
7.151957365118844466e-03
7.151957365118844466e-03
7.151957365118844466e-03
7.057731627561875977e-03
7.057731627561875977e-03
6.967033263527346726e-03
6.967033263527346726e-03
6.967033263527346726e-03
6.967033263527346726e-03
6.967033263527346726e-03
6.967033263527346726e-03
6.967033263527346726e-03
6.967033263527346726e-03
6.967033263527346726e-03
6.967033263527346726e-03
6.967033263527346726e-03
6.947317697523100639e-03
6.947317697523100639e-03
6.947317697523100639e-03
6.947317697523100639e-03
6.947317697523100639e-03
6.947317697523100639e-03
6.947317697523100639e-03
6.947317697523100639e-03
6.865248944662056055e-03
6.865248944662056055e-03
6.865248944662056055e-03
6.865248944662056055e-03
6.865248944662056055e-03
6.865248944662056055e-03
6.865248944662056055e-03
6.865248944662056055e-03
6.865248944662056055e-03
6.865248944662056055e-03
6.865248944662056055e-03
6.865248944662056055e-03
6.865248944662056055e-03
6.865248944662056055e-03
6.865248944662056055e-03
6.865248944662056055e-03
6.690290545610004871e-03
6.690290545610004871e-03
6.690290545610004871e-03
6.690290545610004871e-03
6.690290545610004871e-03
6.690290545610004871e-03
6.690290545610004871e-03
6.690290545610004871e-03
6.690290545610004871e-03
6.690290545610004871e-03
6.690290545610004871e-03
6.690287725727254824e-03
6.690287725727254824e-03
6.690287725727254824e-03
6.690287725727254824e-03
6.690287725727254824e-03
6.690287725727254824e-03
6.690287725727254824e-03
6.690287725727254824e-03
6.690287725727254824e-03
6.690287725727254824e-03
6.690287725727254824e-03
6.690287725727254824e-03
6.690287725727254824e-03
6.612556544928784724e-03
6.612556544928784724e-03
6.612556544928784724e-03
6.605571103040899783e-03
6.605571103040899783e-03
6.605571103040899783e-03
6.605571103040899783e-03
6.605571103040899783e-03
6.605571103040899783e-03
6.605571103040899783e-03
6.605571103040899783e-03
6.605571103040899783e-03
6.605571103040899783e-03
6.605571103040899783e-03
6.538345857271835211e-03
6.538345857271835211e-03
6.538345857271835211e-03
6.538345857271835211e-03
6.538345857271835211e-03
6.496983444855695261e-03
6.496983444855695261e-03
6.496983444855695261e-03
6.496983444855695261e-03
6.496983444855695261e-03
6.496983444855695261e-03
6.496983444855695261e-03
6.496983444855695261e-03
6.496983444855695261e-03
6.496983444855695261e-03
6.496983444855695261e-03
6.496983444855695261e-03
6.496941111562118919e-03
6.496941111562118919e-03
6.496939643221933368e-03
6.496939643221933368e-03
6.496939643221933368e-03
6.496939643221933368e-03
6.496939643221933368e-03
6.426462099436018420e-03
6.426462099436018420e-03
6.413654956045944204e-03
6.344789775385726964e-03
6.344789775385726964e-03
6.344789775385726964e-03
6.291894779011209839e-03
6.291894779011209839e-03
6.291894779011209839e-03
6.291894779011209839e-03
6.291894779011209839e-03
6.291860146063754655e-03
6.291860146063754655e-03
6.291860146063754655e-03
6.291860146063754655e-03
6.291860146063754655e-03
6.209036223140174116e-03
6.209036223140174116e-03
6.209036223140174116e-03
6.209036223140174116e-03
6.209036223140174116e-03
6.209036223140174116e-03
6.128641029534924629e-03
6.128641029534924629e-03
6.128641029534924629e-03
6.128641029534924629e-03
6.128641029534924629e-03
6.128641029534924629e-03
6.128641029534924629e-03
6.128641029534924629e-03
6.128641029534924629e-03
6.128640586201955336e-03
6.128640586201955336e-03
6.128640586201955336e-03
6.128640586201955336e-03
6.128640586201955336e-03
6.128640586201955336e-03
6.128640586201955336e-03
6.128640586201955336e-03
6.128640586201955336e-03
6.128640586201955336e-03
6.128640586201955336e-03
6.128640586201955336e-03
6.128640586201955336e-03
5.997366457363033365e-03
5.997366457363033365e-03
5.997366457363033365e-03
5.997366457363033365e-03
5.997366457363033365e-03
5.997366457363033365e-03
5.997366457363033365e-03
5.997366457363033365e-03
5.997366457363033365e-03
5.997366457363033365e-03
5.997366457363033365e-03
5.997366457363033365e-03
5.997366457363033365e-03
5.997366457363033365e-03
5.997366457363033365e-03
5.997362436637425007e-03
5.997362436637425007e-03
5.997362436637425007e-03
5.997362436637425007e-03
5.997362436637425007e-03
5.997362436637425007e-03
5.997356416875898946e-03
5.997356416875898946e-03
5.997356416875898946e-03
5.997356416875898946e-03
5.997356416875898946e-03
5.997356416875898946e-03
5.861483482176793949e-03
5.861483482176793949e-03
5.861483482176793949e-03
5.861483482176793949e-03
5.861483482176793949e-03
5.861483482176793949e-03
5.749235917100051392e-03
5.749235917100051392e-03
5.749235917100051392e-03
5.749235917100051392e-03
5.749235917100051392e-03
5.749235917100051392e-03
5.749235917100051392e-03
5.749235917100051392e-03
5.749235917100051392e-03
5.749235917100051392e-03
5.749235917100051392e-03
5.749235917100051392e-03
5.730162286079789648e-03
5.730162286079789648e-03
5.730162286079789648e-03
5.730162286079789648e-03
5.730162286079789648e-03
5.730162286079789648e-03
5.581648827273966162e-03
5.581648827273966162e-03
5.581648827273966162e-03
5.581648827273966162e-03
5.581648827273966162e-03
5.581648827273966162e-03
5.581648827273966162e-03
5.581648827273966162e-03
5.581648827273966162e-03
5.581648827273966162e-03
5.581648827273966162e-03
5.581648827273966162e-03
5.581648827273966162e-03
5.581648827273966162e-03
5.581648827273966162e-03
5.581648827273966162e-03
5.581648827273966162e-03
5.581648827273966162e-03
5.581648827273966162e-03
5.581648827273966162e-03
5.581648827273966162e-03
5.581648827273966162e-03
5.581648827273966162e-03
5.581648827273966162e-03
5.581648827273966162e-03
5.581583753576737673e-03
5.581583753576737673e-03
5.581583753576737673e-03
5.581583753576737673e-03
5.581583753576737673e-03
5.581583753576737673e-03
5.581583753576737673e-03
5.581583753576737673e-03
5.581583753576737673e-03
5.559718014128476118e-03
5.559718014128476118e-03
5.559718014128476118e-03
5.559718014128476118e-03
5.559718014128476118e-03
5.559718014128476118e-03
5.559718014128476118e-03
5.556926628108996465e-03
5.556926628108996465e-03
5.465152041653272875e-03
5.465152041653272875e-03
5.465152041653272875e-03
5.465146430284961894e-03
5.465146430284961894e-03
5.465146430284961894e-03
5.465146430284961894e-03
5.465146430284961894e-03
5.465146430284961894e-03
5.465146430284961894e-03
5.465146430284961894e-03
5.465146430284961894e-03
5.465146430284961894e-03
5.465146430284961894e-03
5.465146430284961894e-03
5.465146430284961894e-03
5.465146430284961894e-03
5.465146430284961894e-03
5.465146430284961894e-03
5.465146430284961894e-03
5.465146430284961894e-03
5.465146430284961894e-03
5.465146430284961894e-03
5.465146430284961894e-03
5.309595881160431366e-03
5.309595881160431366e-03
5.309595881160431366e-03
5.309595881160431366e-03
5.309595881160431366e-03
5.309595881160431366e-03
5.309595881160431366e-03
5.309595881160431366e-03
5.232926635875289646e-03
5.232926635875289646e-03
5.229765648661053624e-03
5.229765648661053624e-03
5.168335389059535920e-03
5.139512783740410838e-03
5.139512783740410838e-03
5.139512783740410838e-03
5.139512783740410838e-03
5.139512783740410838e-03
5.139512783740410838e-03
5.139512783740410838e-03
5.139512783740410838e-03
5.139512783740410838e-03
5.094646621033934765e-03
5.094646621033934765e-03
5.094646621033934765e-03
5.094646621033934765e-03
5.094646621033934765e-03
5.094646621033934765e-03
5.094646621033934765e-03
5.094646621033934765e-03
4.914178874953762169e-03
4.914178874953762169e-03
4.914178874953762169e-03
4.914178874953762169e-03
4.914178874953762169e-03
4.914178874953762169e-03
4.914178874953762169e-03
4.914178874953762169e-03
4.914178874953762169e-03
4.914178874953762169e-03
4.914178874953762169e-03
4.914178874953762169e-03
4.914178874953762169e-03
4.914178874953762169e-03
4.914178874953762169e-03
4.914178874953762169e-03
4.914178874953762169e-03
4.914178874953762169e-03
4.914178874953762169e-03
4.914178874953762169e-03
4.914178874953762169e-03
4.914178874953762169e-03
4.817915028097023711e-03
4.817914203183100083e-03
4.817914203183100083e-03
4.817914203183100083e-03
4.817914203183100083e-03
4.817914203183100083e-03
4.817914203183100083e-03
4.817914203183100083e-03
4.817914203183100083e-03
4.817914203183100083e-03
4.817914203183100083e-03
4.817914203183100083e-03
4.817914203183100083e-03
4.817914203183100083e-03
4.817914203183100083e-03
4.817914203183100083e-03
4.817914203183100083e-03
4.817914203183100083e-03
4.817914203183100083e-03
4.817914203183100083e-03
4.817914203183100083e-03
4.817914203183100083e-03
4.817914203183100083e-03
4.817914203183100083e-03
4.817899165708044128e-03
4.817899165708044128e-03
4.817899165708044128e-03
4.803592744957652615e-03
4.803592744957652615e-03
4.803592744957652615e-03
4.747209120835702185e-03
4.747209120835702185e-03
4.747209120835702185e-03
4.747209120835702185e-03
4.747209120835702185e-03
4.747209120835702185e-03
4.747209120835702185e-03
4.747209120835702185e-03
4.747209120835702185e-03
4.747209120835702185e-03
4.747209120835702185e-03
4.747209120835702185e-03
4.747209120835702185e-03
4.747209120835702185e-03
4.747209120835702185e-03
4.747209120835702185e-03
4.747209120835702185e-03
4.747209120835702185e-03
4.747209120835702185e-03
4.643182076391689887e-03
4.643182076391689887e-03
4.643182076391689887e-03
4.643182076391689887e-03
4.643182076391689887e-03
4.577413229981175391e-03
4.577413229981175391e-03
4.577413229981175391e-03
4.577413229981175391e-03
4.577413229981175391e-03
4.553853634091660323e-03
4.553853634091660323e-03
4.553853634091660323e-03
4.553853634091660323e-03
4.553853634091660323e-03
4.553853634091660323e-03
4.553853634091660323e-03
4.553853634091660323e-03
4.553853634091660323e-03
4.511955003383094805e-03
4.511955003383094805e-03
4.511955003383094805e-03
4.511955003383094805e-03
4.511955003383094805e-03
4.359597470825600507e-03
4.359597470825600507e-03
4.359597470825600507e-03
4.359597470825600507e-03
4.359597470825600507e-03
4.359597470825600507e-03
4.359597470825600507e-03
4.337439761589696914e-03
4.337439761589696914e-03
4.337439761589696914e-03
4.337439761589696914e-03
4.337439761589696914e-03
4.337439761589696914e-03
4.337439761589696914e-03
4.337439761589696914e-03
4.337439761589696914e-03
4.337439761589696914e-03
4.337439761589696914e-03
4.337439761589696914e-03
4.337439761589696914e-03
4.337439761589696914e-03
4.337439761589696914e-03
4.337439761589696914e-03
4.337439761589696914e-03
4.337439761589696914e-03
4.337439761589696914e-03
4.337439761589696914e-03
4.222362157829102555e-03
4.222362157829102555e-03
4.222362157829102555e-03
4.222362157829102555e-03
4.222362157829102555e-03
4.222362157829102555e-03
4.222362157829102555e-03
4.222362157829102555e-03
4.222362157829102555e-03
4.222362157829102555e-03
4.222362157829102555e-03
4.222362157829102555e-03
4.222362157829102555e-03
4.222362157829102555e-03
4.222362157829102555e-03
4.222339042922060304e-03
4.222339042922060304e-03
4.222339042922060304e-03
4.222339042922060304e-03
4.222339042922060304e-03
4.222339042922060304e-03
4.222339042922060304e-03
4.222339042922060304e-03
4.222339042922060304e-03
4.222339042922060304e-03
4.222339042922060304e-03
4.222339042922060304e-03
4.074552633979095298e-03
4.074552633979095298e-03
4.074552633979095298e-03
4.074552633979095298e-03
4.074552633979095298e-03
4.074552633979095298e-03
4.074552633979095298e-03
4.074552633979095298e-03
4.074552633979095298e-03
4.068684294687571583e-03
4.068684294687571583e-03
4.068684294687571583e-03
4.068684294687571583e-03
4.068684294687571583e-03
4.068684294687571583e-03
4.068684294687571583e-03
4.068684294687571583e-03
4.068684294687571583e-03
4.068684294687571583e-03
4.061047548220233887e-03
4.061047548220233887e-03
4.061047548220233887e-03
4.061047548220233887e-03
4.061047548220233887e-03
4.061047548220233887e-03
4.061047548220233887e-03
4.061047548220233887e-03
4.061047548220233887e-03
3.729845550278206110e-03
3.729845550278206110e-03
3.729845550278206110e-03
3.729845550278206110e-03
3.729845550278206110e-03
3.729845550278206110e-03
3.729845550278206110e-03
3.618904850275068280e-03
3.618904850275068280e-03
3.618904850275068280e-03
3.618904850275068280e-03
3.618904850275068280e-03
3.618904850275068280e-03
3.618904850275068280e-03
3.618904850275068280e-03
3.618904850275068280e-03
3.618904850275068280e-03
3.618904850275068280e-03
3.618904850275068280e-03
3.618904850275068280e-03
3.618904850275068280e-03
3.618904850275068280e-03
3.618904850275068280e-03
3.618904850275068280e-03
3.618904850275068280e-03
3.618904850275068280e-03
3.618904850275068280e-03
3.618904850275068280e-03
3.618904850275068280e-03
3.618904850275068280e-03
3.618904850275068280e-03
3.546014692669056338e-03
3.546014692669056338e-03
3.546014692669056338e-03
3.546014692669056338e-03
3.546014692669056338e-03
3.546014692669056338e-03
3.546014692669056338e-03
3.546014692669056338e-03
3.546014692669056338e-03
3.546014692669056338e-03
3.546014692669056338e-03
3.546014692669056338e-03
3.546014692669056338e-03
3.546014692669056338e-03
3.546014692669056338e-03
3.522979126786345179e-03
3.522979126786345179e-03
3.325287888836047420e-03
3.310924110501352671e-03
3.297448807781584810e-03
3.297448807781584810e-03
3.297448807781584810e-03
3.297448807781584810e-03
3.297448807781584810e-03
3.297448807781584810e-03
3.297448807781584810e-03
3.297448807781584810e-03
3.297448807781584810e-03
3.297448807781584810e-03
3.297448807781584810e-03
3.284072845053073817e-03
3.284072845053073817e-03
3.284072845053073817e-03
3.284072845053073817e-03
3.280621570692186274e-03
3.280621570692186274e-03
3.280621570692186274e-03
3.280621570692186274e-03
3.280621570692186274e-03
3.280621570692186274e-03
3.280621570692186274e-03
3.280621570692186274e-03
3.280621570692186274e-03
3.280621570692186274e-03
3.280621570692186274e-03
3.280621570692186274e-03
3.280621570692186274e-03
3.280621570692186274e-03
3.280621570692186274e-03
3.280621570692186274e-03
3.280621570692186274e-03
3.280621570692186274e-03
3.280621570692186274e-03
3.280621570692186274e-03
3.280621570692186274e-03
3.259401987615243804e-03
3.259401987615243804e-03
3.088395685079278318e-03
3.088395685079278318e-03
3.088395685079278318e-03
3.088395685079278318e-03
3.088395685079278318e-03
3.088395685079278318e-03
3.088395685079278318e-03
3.088395685079278318e-03
3.088395685079278318e-03
3.088395685079278318e-03
3.088395685079278318e-03
3.088395685079278318e-03
3.088395685079278318e-03
3.088395685079278318e-03
3.088395685079278318e-03
3.088395685079278318e-03
3.088395685079278318e-03
3.088395685079278318e-03
3.088395685079278318e-03
3.088395685079278318e-03
3.088395685079278318e-03
3.088395685079278318e-03
3.088395685079278318e-03
3.088395685079278318e-03
3.088395685079278318e-03
3.088389182799605292e-03
3.088389182799605292e-03
3.088389182799605292e-03
3.088389182799605292e-03
3.088389182799605292e-03
3.088389182799605292e-03
3.088389182799605292e-03
3.070555271806058115e-03
3.070555271806058115e-03
3.070555271806058115e-03
3.070555271806058115e-03
3.070555271806058115e-03
3.070555271806058115e-03
3.070555271806058115e-03
3.070555271806058115e-03
3.070555271806058115e-03
3.070555271806058115e-03
3.064318128320239320e-03
3.064318128320239320e-03
3.064318128320239320e-03
3.064318128320239320e-03
3.064318128320239320e-03
3.064318128320239320e-03
3.064318128320239320e-03
3.064318128320239320e-03
3.060367982355978282e-03
3.060367982355978282e-03
3.060367982355978282e-03
3.060367982355978282e-03
3.060367982355978282e-03
3.060367982355978282e-03
3.060367982355978282e-03
3.060367982355978282e-03
3.060367982355978282e-03
3.058117651379707071e-03
3.058117651379707071e-03
3.058117651379707071e-03
3.058117651379707071e-03
3.058117651379707071e-03
3.058117651379707071e-03
3.058117651379707071e-03
