1.612736781526042662e-01
1.363168594877704753e-01
1.249704218428133590e-01
1.198765453605520753e-01
1.182631034725844521e-01
1.124683601664073357e-01
1.092069433108035226e-01
1.025492027917806054e-01
1.005342798583328950e-01
9.541243459543738425e-02
9.423650214498414945e-02
9.094086218625289930e-02
8.656254061077106599e-02
8.290904551719735505e-02
7.967396356630562781e-02
7.762390423496032255e-02
7.268151176303298822e-02
7.217428355666216655e-02
7.132577685829837033e-02
6.974204165894037910e-02
6.683147469230815707e-02
6.511063770489602942e-02
6.384463513697648251e-02
6.156630458164780856e-02
6.050418498544812840e-02
5.963463147967599381e-02
5.674921410353613027e-02
5.598968611616328417e-02
5.473137784865150096e-02
5.254988584197703427e-02
4.951541011415121901e-02
4.816374321272882952e-02
4.619037327495111728e-02
4.386634065453527687e-02
4.366915585020768320e-02
4.208924667379759788e-02
4.018076028880974981e-02
3.956592053337353032e-02
3.884401034508867118e-02
3.760440621811218798e-02
3.749171800393134857e-02
3.612589203487682338e-02
3.471649627399261279e-02
3.113684521119520349e-02
3.057811952895378438e-02
2.941884077467964848e-02
2.872753409061889335e-02
2.828589766113286455e-02
2.825928313979143500e-02
2.685586944593475189e-02
2.619928228342787921e-02
2.561210815436728086e-02
2.440106063352232013e-02
2.199238131490511769e-02
2.092983672293583300e-02
1.961427375457716615e-02
1.892895000777544343e-02
1.742748450792131615e-02
1.740603660234081237e-02
1.635200595218939956e-02
1.566855745052269516e-02
1.541641382181180818e-02
1.518106630628853621e-02
1.504670240551403762e-02
1.504658722882479781e-02
1.455436824292800219e-02
1.432963274343293514e-02
1.358926925327826572e-02
1.286061817427921854e-02
1.221804346122593553e-02
1.221277459429601087e-02
1.146153569612918220e-02
1.136699617810742018e-02
1.129948694362530384e-02
1.082704349342819561e-02
1.049259443023036614e-02
1.040451636653277195e-02
9.787177771561256928e-03
9.303804406487432843e-03
9.281995346458082191e-03
9.127010506604700535e-03
9.124618073610467686e-03
9.062947663018544597e-03
9.054509341080806475e-03
9.054472826704238961e-03
9.044685846662577078e-03
8.807527437576099377e-03
8.776423556041128282e-03
8.607200726758305193e-03
8.547101492433293451e-03
8.450024332596646828e-03
8.448474041596027925e-03
8.446690202742733813e-03
8.444666830675540484e-03
8.320797437110571265e-03
8.226944638175947774e-03
8.226898934915826897e-03
8.226898934915826897e-03
8.226850666841634824e-03
8.226772116045720160e-03
8.226772116045720160e-03
8.226772116045720160e-03
8.226772116045720160e-03
8.017987475099351211e-03
7.897494121434691858e-03
7.897494121434691858e-03
7.897494121434691858e-03
7.843017187191630990e-03
7.842928399787641239e-03
7.628193880100744145e-03
7.628031417659579191e-03
7.628031417659579191e-03
7.628031417659579191e-03
7.628031417659579191e-03
7.613441548336792077e-03
7.613405661007779067e-03
7.613405661007779067e-03
7.587667560270061444e-03
7.562838661396885723e-03
7.562838661396885723e-03
7.562838661396885723e-03
7.562838661396885723e-03
7.562838661396885723e-03
7.562838661396885723e-03
7.562788291046868873e-03
7.562788291046868873e-03
7.501308780493833560e-03
7.501297972329640067e-03
7.436887441408945518e-03
7.436887441408945518e-03
7.436887441408945518e-03
7.260517307596568194e-03
7.260517307596568194e-03
7.260431156350709639e-03
7.260431156350709639e-03
7.137493181900544069e-03
7.129141615903380677e-03
7.129141615903380677e-03
7.129141471702772626e-03
7.129104832129131916e-03
7.100766860517916147e-03
6.948524354949732126e-03
6.948524354949732126e-03
6.948515495799247738e-03
6.784068301466923342e-03
6.737232931294668235e-03
6.737232931294668235e-03
6.737214023309982466e-03
6.726521533602292623e-03
6.726521533602292623e-03
6.658477557082546211e-03
6.658477557082546211e-03
6.658477557082546211e-03
6.658477557082546211e-03
6.650704304926573045e-03
6.650704304926573045e-03
6.650704304926573045e-03
6.650704304926573045e-03
6.650704304926573045e-03
6.650704304926573045e-03
6.650701671502497019e-03
6.650701671502497019e-03
6.650701671502497019e-03
6.650701671502497019e-03
6.650701671502497019e-03
6.650701671502497019e-03
6.650701671502497019e-03
6.650701671502497019e-03
6.650701671502497019e-03
6.650701671502497019e-03
6.560362373105077353e-03
6.560362373105077353e-03
6.560362373105077353e-03
6.423967399880483806e-03
6.423967399880483806e-03
6.423967399880483806e-03
6.290609646909802594e-03
6.290609646909802594e-03
6.173113507858774170e-03
6.046995092005732347e-03
6.046995092005732347e-03
6.010709077378239597e-03
5.821043231739675763e-03
5.821043231739675763e-03
5.821043231739675763e-03
5.821043231739675763e-03
5.821043231739675763e-03
5.821043231739675763e-03
5.821043231739675763e-03
5.820964875772906971e-03
5.820964875772906971e-03
5.820964875772906971e-03
5.820964875772906971e-03
5.820964875772906971e-03
5.820964875772906971e-03
5.820964875772906971e-03
5.820964875772906971e-03
5.820964875772906971e-03
5.820964875772906971e-03
5.820964755619294217e-03
5.648464838692885716e-03
5.543595405173636949e-03
5.449383451747838274e-03
5.449383451747838274e-03
5.449383280372732327e-03
5.449383280372732327e-03
5.449383280372732327e-03
5.449383280372732327e-03
5.449383280372732327e-03
5.449383280372732327e-03
5.407867846934229575e-03
5.407867846934229575e-03
5.407867846934229575e-03
5.375911203076629875e-03
5.375911203076629875e-03
5.375911203076629875e-03
5.375911203076629875e-03
5.318948166793867338e-03
5.318948166793867338e-03
5.225370303555658055e-03
5.225370303555658055e-03
5.225370303555658055e-03
5.220828610591150831e-03
5.220828434222740504e-03
5.220828434222740504e-03
5.220828434222740504e-03
5.220828434222740504e-03
5.220828434222740504e-03
5.220828434222740504e-03
5.220828434222740504e-03
5.220828434222740504e-03
5.220828434222740504e-03
5.220828434222740504e-03
5.220828434222740504e-03
5.220828434222740504e-03
5.220827788526085506e-03
5.206445546108108037e-03
5.096622224638234534e-03
4.987150780455825057e-03
4.987150780455825057e-03
4.987150780455825057e-03
4.987143981918283966e-03
4.943281459665794034e-03
4.943281459665794034e-03
4.943281459665794034e-03
4.943281459665794034e-03
4.943281459665794034e-03
4.901551820802408331e-03
4.901551820802408331e-03
4.901551820802408331e-03
4.901551820802408331e-03
4.745838374876088124e-03
4.745838374876088124e-03
4.596755721180733299e-03
4.596755721180733299e-03
4.596755721180733299e-03
4.519182317944885757e-03
4.519182317944885757e-03
4.428002883929259108e-03
4.354123920591643389e-03
4.354123920591643389e-03
4.354123920591643389e-03
4.354123920591643389e-03
4.354123920591643389e-03
4.354123920591643389e-03
4.354123920591643389e-03
4.354123920591643389e-03
4.354123920591643389e-03
4.324915078685161174e-03
4.324915078685161174e-03
4.251385432673808126e-03
4.251383227279561562e-03
4.251383227279561562e-03
4.224970595245457726e-03
4.224970595245457726e-03
4.143452552051596870e-03
4.143452552051596870e-03
4.143452552051596870e-03
4.143452552051596870e-03
4.143452552051596870e-03
4.127382764425767230e-03
4.067302192130656073e-03
4.067302192130656073e-03
3.924496215961649145e-03
3.923513759853930645e-03
3.923513759853930645e-03
3.800131318665561815e-03
3.800131318665561815e-03
3.800131318665561815e-03
3.800131318665561815e-03
3.800131318665561815e-03
3.800131318665561815e-03
3.800131318665561815e-03
3.800131318665561815e-03
3.800131318665561815e-03
3.754636991574193845e-03
3.750967686883933862e-03
3.750967686883933862e-03
3.750967686883933862e-03
3.750967686883933862e-03
3.750967686883933862e-03
3.699773923864425017e-03
3.699773923864425017e-03
3.699773923864425017e-03
3.699773923864425017e-03
3.699773923864425017e-03
3.699773923864425017e-03
3.699773923864425017e-03
3.699773923864425017e-03
3.699773923864425017e-03
3.699773923864425017e-03
3.699773923864425017e-03
3.570426656033439186e-03
3.570426656033439186e-03
3.570426656033439186e-03
3.570426656033439186e-03
3.570426656033439186e-03
3.508989181241036620e-03
3.508989181241036620e-03
3.508989181241036620e-03
3.461376333381635615e-03
3.461376333381635615e-03
3.437031903082893736e-03
3.398090281449435250e-03
3.398090281449435250e-03
3.398090281449435250e-03
3.340565541291242932e-03
3.332120892909473404e-03
3.332120892909473404e-03
3.279766590422945709e-03
3.242352172939192041e-03
3.242352172939192041e-03
3.214017650027115470e-03
3.214017650027115470e-03
3.214017650027115470e-03
3.145462924657758692e-03
3.145462924657758692e-03
3.145462924657758692e-03
3.145462924657758692e-03
3.067142073316027426e-03
3.067142073316027426e-03
3.067142073316027426e-03
3.065082697056439702e-03
3.065082697056439702e-03
3.065082697056439702e-03
3.065082697056439702e-03
3.065082697056439702e-03
3.064255901240001568e-03
3.064255901240001568e-03
3.064255901240001568e-03
3.064255901240001568e-03
3.064255901240001568e-03
3.064255901240001568e-03
3.064255901240001568e-03
3.064255901240001568e-03
3.007019066698750787e-03
3.007019066698750787e-03
3.007019066698750787e-03
3.007019066698750787e-03
3.007019066698750787e-03
2.983635450493916583e-03
2.848455319421565757e-03
2.848455319421565757e-03
2.848455319421565757e-03
2.848455319421565757e-03
2.848455319421565757e-03
2.848455319421565757e-03
2.848455319421565757e-03
2.848455319421565757e-03
2.777326000330272368e-03
2.777326000330272368e-03
2.777326000330272368e-03
2.777326000330272368e-03
2.777087467968479204e-03
2.777087467968479204e-03
2.773450897639880616e-03
2.773450897639880616e-03
2.751520283688219538e-03
2.751435047767414582e-03
2.750039224096388710e-03
2.750039224096388710e-03
2.750039224096388710e-03
2.750039224096388710e-03
2.733120437947972499e-03
2.733120437947972499e-03
2.733120437947972499e-03
2.733120437947972499e-03
2.733120437947972499e-03
2.733120437947972499e-03
2.733120437947972499e-03
2.731109406570295453e-03
2.731109406570295453e-03
2.731109406570295453e-03
2.659007774575590857e-03
2.639404939308334815e-03
2.639404503104198635e-03
2.639404309580221843e-03
2.639404309580221843e-03
2.639404309580221843e-03
2.639404309580221843e-03
2.599743530531802363e-03
2.599743475392571508e-03
2.599743475392571508e-03
2.599743475392571508e-03
2.599743475392571508e-03
2.599743475392571508e-03
2.599743475392571508e-03
2.599743475392571508e-03
2.452093998772620839e-03
2.452093998772620839e-03
2.452093998772620839e-03
2.452093998772620839e-03
2.452093998772620839e-03
2.452093998772620839e-03
2.452093998772620839e-03
2.452093998772620839e-03
2.452093998772620839e-03
2.452093998772620839e-03
2.452093998772620839e-03
2.452093998772620839e-03
2.452093998772620839e-03
2.452093998772620839e-03
2.452093998772620839e-03
2.452093991296039419e-03
2.452093991296039419e-03
2.416871010121426824e-03
2.416871010121426824e-03
2.416871010121426824e-03
2.416871010121426824e-03
2.416871010121426824e-03
2.416871010121426824e-03
2.411383537964509761e-03
2.411383537964509761e-03
2.407540602451031450e-03
2.407540602451031450e-03
2.404205002936159099e-03
2.404205002936159099e-03
2.404205002936159099e-03
2.404205002936159099e-03
2.404205002936159099e-03
2.404205002936159099e-03
2.404205002936159099e-03
2.404205002936159099e-03
2.404205002936159099e-03
2.404205002936159099e-03
2.404205002936159099e-03
2.404205002936159099e-03
2.404205002936159099e-03
2.404205002936159099e-03
2.404205002936159099e-03
2.404205002936159099e-03
2.369754247701942249e-03
2.369754247701942249e-03
2.369754247701942249e-03
2.369754247701942249e-03
2.369754247701942249e-03
2.369754247701942249e-03
2.369754247701942249e-03
2.357055455334767981e-03
2.357055455334767981e-03
2.357055455334767981e-03
2.357055455334767981e-03
2.357055455334767981e-03
2.357055455334767981e-03
2.357055455334767981e-03
2.357055455334767981e-03
2.357055455334767981e-03
2.357055455334767981e-03
2.357055455334767981e-03
2.357055455334767981e-03
2.357055455334767981e-03
2.357055455334767981e-03
2.357055455334767981e-03
2.357055455334767981e-03
2.341550504551752777e-03
2.341550504551752777e-03
2.341550504551752777e-03
2.341550504551752777e-03
2.341550504551752777e-03
2.341550504551752777e-03
2.341550504551752777e-03
2.341550504551752777e-03
2.341550504551752777e-03
2.341550504551752777e-03
2.341550504551752777e-03
2.341550504551752777e-03
2.325781170586027364e-03
2.325781170586027364e-03
2.325781170586027364e-03
2.250933640789967629e-03
2.250933640789967629e-03
2.250933640789967629e-03
2.250933640789967629e-03
2.214721170873292736e-03
2.214721170873292736e-03
2.214721170873292736e-03
2.214721170873292736e-03
2.141443835779789379e-03
2.141443835779789379e-03
2.141443835779789379e-03
2.139490261610637201e-03
2.073653693494580726e-03
2.073653693494580726e-03
2.073653693494580726e-03
2.073653693494580726e-03
2.039301227018411756e-03
2.039301227018411756e-03
2.039301227018411756e-03
2.039301227018411756e-03
2.039301227018411756e-03
2.039301227018411756e-03
2.039301227018411756e-03
2.039301227018411756e-03
2.039301227018411756e-03
2.039213797960361639e-03
2.039213797960361639e-03
2.039213797960361639e-03
2.039213437773709867e-03
2.039213437773709867e-03
2.039213437773709867e-03
2.017715157326923411e-03
2.017715157326923411e-03
1.997620124335102842e-03
1.997620124335102842e-03
1.997620124335102842e-03
1.993331789508062755e-03
1.993331789508062755e-03
1.993331789508062755e-03
1.993331789508062755e-03
1.993331789508062755e-03
1.986920189592949939e-03
1.986920189592949939e-03
1.986920189592949939e-03
1.935649177926502531e-03
1.935649177926502531e-03
1.935649177926502531e-03
1.935649177926502531e-03
1.935649177926502531e-03
1.827995530466826725e-03
1.827995530466826725e-03
1.827995530466826725e-03
1.827995530466826725e-03
1.827995530466826725e-03
1.809186612759133969e-03
1.809186612759133969e-03
1.809186612759133969e-03
1.809186612759133969e-03
1.809186612759133969e-03
1.809186612759133969e-03
1.809186612759133969e-03
1.767053739487722559e-03
1.767053739487722559e-03
1.767053739487722559e-03
1.767053739487722559e-03
1.747890003893341369e-03
1.592473953726490426e-03
1.592473953726490426e-03
1.592473953726490426e-03
1.556118189055313503e-03
1.556118189055313503e-03
1.556118189055313503e-03
1.556118189055313503e-03
1.556118189055313503e-03
1.556118189055313503e-03
1.556118189055313503e-03
1.556118189055313503e-03
1.556118189055313503e-03
1.556118189055313503e-03
1.479059305808607620e-03
1.472764047178440946e-03
1.472764047178440946e-03
1.472764047178440946e-03
1.472764047178440946e-03
1.472764047178440946e-03
1.472764047178440946e-03
1.472764047178440946e-03
1.472764047178440946e-03
1.472764047178440946e-03
1.472764047178440946e-03
1.472764047178440946e-03
1.472764047178440946e-03
1.472764047178440946e-03
1.472764047178440946e-03
1.472764047178440946e-03
1.472764047178440946e-03
1.472764047178440946e-03
1.466146078969894195e-03
1.466146078969894195e-03
1.466146078969894195e-03
1.466146078969894195e-03
1.466146078969894195e-03
1.457647760483215529e-03
1.457647760483215529e-03
1.457647760483215529e-03
1.457647760483215529e-03
1.457647760483215529e-03
1.457647760483215529e-03
1.457647760483215529e-03
1.457647760483215529e-03
1.457647760483215529e-03
1.457647760483215529e-03
1.457647760483215529e-03
1.457647760483215529e-03
1.457647760483215529e-03
1.457647760483215529e-03
1.457647760483215529e-03
1.457647760483215529e-03
1.457647760483215529e-03
1.457647760483215529e-03
1.457647760483215529e-03
1.457647760483215529e-03
1.457647760483215529e-03
1.457647760483215529e-03
1.457647760483215529e-03
1.457647760483215529e-03
1.457647760483215529e-03
1.457647760483215529e-03
1.457647760483215529e-03
1.457647760483215529e-03
1.457647760483215529e-03
1.450689916261322472e-03
1.450689916261322472e-03
1.450689916261322472e-03
1.450689916261322472e-03
1.450689916261322472e-03
1.450689916261322472e-03
1.450689916261322472e-03
1.450689916261322472e-03
1.450689916261322472e-03
1.450689916261322472e-03
1.450689916261322472e-03
1.450689916261322472e-03
1.356662375666046029e-03
1.356662375666046029e-03
1.356662375666046029e-03
1.356662375666046029e-03
1.356662375666046029e-03
1.356662375666046029e-03
1.356662375666046029e-03
1.356662375666046029e-03
1.356662375666046029e-03
1.356662375666046029e-03
1.356662375666046029e-03
1.356662375666046029e-03
1.356662375666046029e-03
1.356662375666046029e-03
1.356662375666046029e-03
1.356662375666046029e-03
1.356662375666046029e-03
1.356662375666046029e-03
1.356662375666046029e-03
1.356662375666046029e-03
1.356662375666046029e-03
1.356662375666046029e-03
1.356662375666046029e-03
1.356662375666046029e-03
1.356662375666046029e-03
1.356662375666046029e-03
1.356662375666046029e-03
1.356662375666046029e-03
1.356662375666046029e-03
1.356662375666046029e-03
1.356662375666046029e-03
1.356662375666046029e-03
1.356662375666046029e-03
1.356662375666046029e-03
1.356662375666046029e-03
1.356662375666046029e-03
1.356662375666046029e-03
1.356662375666046029e-03
1.356662375666046029e-03
1.356662375666046029e-03
1.356662375666046029e-03
1.356662375666046029e-03
1.356662375666046029e-03
1.356662375666046029e-03
1.344815223474454943e-03
1.344815223474454943e-03
1.344815223474454943e-03
1.344815223474454943e-03
1.344815223474454943e-03
1.344815223474454943e-03
1.344815223474454943e-03
1.344815223474454943e-03
1.344815223474454943e-03
1.344815223474454943e-03
1.330079740678318662e-03
1.330079740678318662e-03
1.330079740678318662e-03
1.330079740678318662e-03
1.330079740678318662e-03
1.277080297187712472e-03
1.277080297187712472e-03
1.277080297187712472e-03
1.277080297187712472e-03
1.277080297187712472e-03
1.277080297187712472e-03
1.277080297187712472e-03
1.277080297187712472e-03
1.277080297187712472e-03
1.277080297187712472e-03
1.277080297187712472e-03
1.277080297187712472e-03
1.277080297187712472e-03
1.277080297187712472e-03
1.277080297187712472e-03
1.277080297187712472e-03
1.277080297187712472e-03
1.277080297187712472e-03
1.277080297187712472e-03
1.277080297187712472e-03
1.277080297187712472e-03
1.277080297187712472e-03
1.230896820060274448e-03
1.228073749718630809e-03
1.228073749718630809e-03
1.228073749718630809e-03
1.228073749718630809e-03
1.228073749718630809e-03
1.218520356309115739e-03
1.218520356309115739e-03
1.218520356309115739e-03
1.218520356309115739e-03
1.218520356309115739e-03
1.191010563843519776e-03
1.191010563843519776e-03
1.191010563843519776e-03
1.191010563843519776e-03
1.191010563843519776e-03
1.191010563843519776e-03
1.191010563843519776e-03
1.191010563843519776e-03
1.191010563843519776e-03
1.191010563843519776e-03
1.170303035167967638e-03
1.170303035167967638e-03
1.170303035167967638e-03
1.170303035167967638e-03
1.170303035167967638e-03
1.170303035167967638e-03
1.170303035167967638e-03
1.170303035167967638e-03
1.170303035167967638e-03
1.170303035167967638e-03
1.170303035167967638e-03
1.170303035167967638e-03
1.170303035167967638e-03
1.170303035167967638e-03
1.170303035167967638e-03
1.170303035167967638e-03
1.170303035167967638e-03
1.159124389879056432e-03
1.159124389879056432e-03
1.159124389879056432e-03
1.159124389879056432e-03
1.159124389879056432e-03
1.159124389879056432e-03
1.159124389879056432e-03
1.159124389879056432e-03
1.159124389879056432e-03
1.159124389879056432e-03
1.159124389879056432e-03
1.159124389879056432e-03
1.159124389879056432e-03
1.159124389879056432e-03
1.159124389879056432e-03
1.159124389879056432e-03
1.159124389879056432e-03
1.159124389879056432e-03
1.127382450880420363e-03
1.127382450880420363e-03
1.127382450880420363e-03
1.127382450880420363e-03
1.127382450880420363e-03
1.127382450880420363e-03
1.127382450880420363e-03
1.118992303124919990e-03
1.118992303124919990e-03
1.118992303124919990e-03
1.118992303124919990e-03
1.118992303124919990e-03
1.118645608712273221e-03
1.118645608712273221e-03
1.118645608712273221e-03
1.118645608712273221e-03
1.118645608712273221e-03
1.118645608712273221e-03
1.118645608712273221e-03
1.118645608712273221e-03
1.092519867556490535e-03
1.092519867556490535e-03
1.092519867556490535e-03
1.092519867556490535e-03
1.092519867556490535e-03
1.092519867556490535e-03
1.092519867556490535e-03
1.092519867556490535e-03
1.044062452861310849e-03
1.044062452861310849e-03
1.044062452861310849e-03
1.044062452861310849e-03
1.044062452861310849e-03
1.044062452861310849e-03
1.044062452861310849e-03
1.044062452861310849e-03
1.044062452861310849e-03
1.044062452861310849e-03
1.044062452861310849e-03
1.044062452861310849e-03
9.747883186953324721e-04
9.747883186953324721e-04
9.747883186953324721e-04
9.747883186953324721e-04
9.747883186953324721e-04
9.747883186953324721e-04
9.747883186953324721e-04
9.747883186953324721e-04
9.747883186953324721e-04
9.747883186953324721e-04
9.747883186953324721e-04
9.747883186953324721e-04
9.747883186953324721e-04
9.747883186953324721e-04
9.747883186953324721e-04
9.747883186953324721e-04
9.747883186953324721e-04
9.747883186953324721e-04
9.747883186953324721e-04
9.747883186953324721e-04
9.747883186953324721e-04
9.747883186953324721e-04
9.747883186953324721e-04
9.747883186953324721e-04
9.747883186953324721e-04
9.747883186953324721e-04
9.747883186953324721e-04
9.747883186953324721e-04
9.747883186953324721e-04
9.747883186953324721e-04
9.747883186953324721e-04
9.747883186953324721e-04
9.747883186953324721e-04
9.747883186953324721e-04
9.747883186953324721e-04
9.747883186953324721e-04
9.747883186953324721e-04
9.747883186953324721e-04
9.747883186953324721e-04
9.747883186953324721e-04
9.747883186953324721e-04
9.747883186953324721e-04
9.747883186953324721e-04
9.747883186953324721e-04
9.747883186953324721e-04
9.747883186953324721e-04
9.479342233253102790e-04
9.479342233253102790e-04
9.479342233253102790e-04
9.479342233253102790e-04
9.479342233253102790e-04
9.479342233253102790e-04
9.479342233253102790e-04
9.479342233253102790e-04
9.479342233253102790e-04
9.479342233253102790e-04
9.479342233253102790e-04
9.479342233253102790e-04
9.479342233253102790e-04
9.479342233253102790e-04
9.431296879345644731e-04
9.431296879345644731e-04
9.431296879345644731e-04
9.431296879345644731e-04
9.431296879345644731e-04
9.431296879345644731e-04
9.431296879345644731e-04
9.431296879345644731e-04
9.431296879345644731e-04
9.431296879345644731e-04
9.431296879345644731e-04
9.431296879345644731e-04
9.431296879345644731e-04
9.431296879345644731e-04
8.886170894595356654e-04
8.886170894595356654e-04
8.886170894595356654e-04
8.886170894595356654e-04
8.886170894595356654e-04
8.737646566957807262e-04
8.737646566957807262e-04
8.737646566957807262e-04
8.737646566957807262e-04
8.737646566957807262e-04
8.737646566957807262e-04
8.737646566957807262e-04
8.737646566957807262e-04
8.737646566957807262e-04
8.737646566957807262e-04
8.737646566957807262e-04
8.737646566957807262e-04
8.737646566957807262e-04
8.737646566957807262e-04
8.737646566957807262e-04
8.737646566957807262e-04
8.737646566957807262e-04
8.737646566957807262e-04
8.737646566957807262e-04
8.737646566957807262e-04
8.737646566957807262e-04
8.737646566957807262e-04
8.737646566957807262e-04
8.737646566957807262e-04
8.737646566957807262e-04
8.737646566957807262e-04
8.737646566957807262e-04
8.737646566957807262e-04
8.737646566957807262e-04
8.737646566957807262e-04
8.737646566957807262e-04
8.737646566957807262e-04
8.737646566957807262e-04
8.737646566957807262e-04
8.737646566957807262e-04
8.737646566957807262e-04
8.737646566957807262e-04
8.737646566957807262e-04
8.603951560898541679e-04
8.603951560898541679e-04
8.603951560898541679e-04
8.603951560898541679e-04
8.603951560898541679e-04
8.603951560898541679e-04
8.603951560898541679e-04
8.603951560898541679e-04
8.603951560898541679e-04
8.603951560898541679e-04
8.603951560898541679e-04
8.603951560898541679e-04
8.603951560898541679e-04
8.603951560898541679e-04
8.573532872457921908e-04
8.573532872457921908e-04
8.573532872457921908e-04
8.573532872457921908e-04
8.573532872457921908e-04
8.573532872457921908e-04
8.268291071098978363e-04
8.268291071098978363e-04
8.268291071098978363e-04
8.236081275040929833e-04
8.236081275040929833e-04
8.236081275040929833e-04
8.236081275040929833e-04
8.236081275040929833e-04
8.236081275040929833e-04
8.236081275040929833e-04
8.236081275040929833e-04
8.236081275040929833e-04
8.236081275040929833e-04
8.236081275040929833e-04
8.236081275040929833e-04
8.236081275040929833e-04
8.236081275040929833e-04
8.236081275040929833e-04
8.236081275040929833e-04
8.236081275040929833e-04
8.236081275040929833e-04
8.236081275040929833e-04
8.236081275040929833e-04
8.236081275040929833e-04
8.236081275040929833e-04
8.236081275040929833e-04
8.236081275040929833e-04
8.236081275040929833e-04
8.236081275040929833e-04
8.236081275040929833e-04
8.236081275040929833e-04
8.236081275040929833e-04
7.902484144736655804e-04
7.902484144736655804e-04
7.902484144736655804e-04
7.902484144736655804e-04
7.902484144736655804e-04
7.902484144736655804e-04
7.902484144736655804e-04
7.902484144736655804e-04
7.816688887019421260e-04
7.816688887019421260e-04
7.816688887019421260e-04
7.816688887019421260e-04
7.816688887019421260e-04
7.808540959440595430e-04
7.808540959440595430e-04
7.808540959440595430e-04
7.808540959440595430e-04
7.808540959440595430e-04
7.808540959440595430e-04
7.808540959440595430e-04
7.808540959440595430e-04
7.808540959440595430e-04
