3.639722478708740550e+00
3.611624924050107488e+00
3.574250462525587757e+00
3.538020867312204221e+00
3.502480781170147939e+00
3.487182448773808119e+00
3.447146961099720741e+00
3.422426861261607112e+00
3.404256588597724953e+00
3.393472683726463934e+00
3.383403580836569446e+00
3.373938718872682596e+00
3.354131160600524630e+00
3.335405726398239068e+00
3.305717769068707401e+00
3.301256421492542170e+00
3.291624270787236739e+00
3.280477856820872340e+00
3.276767069541156374e+00
3.258116653477705960e+00
3.244856829656336927e+00
3.218726752890353371e+00
3.209633111791003746e+00
3.209633111791003746e+00
3.209633111791003746e+00
3.201735662629260570e+00
3.189061237107192692e+00
3.185380721556170691e+00
3.179211304298297680e+00
3.164515569296762809e+00
3.162268874138250307e+00
3.150411635292399648e+00
3.147105537540686893e+00
3.145626129161019247e+00
3.141367470811485152e+00
3.139186483346699141e+00
3.126288296218429963e+00
3.120339399303377004e+00
3.113997771055734276e+00
3.105571863658993070e+00
3.105571863658993070e+00
3.079877351605577296e+00
3.076946700021959469e+00
3.076946700021959469e+00
3.076946700021959469e+00
3.074713404520539317e+00
3.060481116687347125e+00
3.050822774858712449e+00
3.044787768143083717e+00
3.034328457205425877e+00
3.027920804948269318e+00
3.017062091227632692e+00
2.990418766805789108e+00
2.990418766805789108e+00
2.986598559264599828e+00
2.985876122159857537e+00
2.974058899527376898e+00
2.974058899527376898e+00
2.970720859381295931e+00
2.966099570580501332e+00
2.964266003895252410e+00
2.963822003381039849e+00
2.956422297788890319e+00
2.946970046580630775e+00
2.933252637708831490e+00
2.933252637708831490e+00
2.931901825191468802e+00
2.926391639790182797e+00
2.924506803002055566e+00
2.914203999960662816e+00
2.913297923290866898e+00
2.911257304012289993e+00
2.899570569007736243e+00
2.897856491603821638e+00
2.896994239584328223e+00
2.889769777260998929e+00
2.888351267046890936e+00
2.875683479953917043e+00
2.865274127157513728e+00
2.862225637069636619e+00
2.854936036606178007e+00
2.854936036606178007e+00
2.853012107211049919e+00
2.843334440849903277e+00
2.838402292489731416e+00
2.838402292489731416e+00
2.838356151303327302e+00
2.836023862312932575e+00
2.836023862312932575e+00
2.836023862312932575e+00
2.833684059146774015e+00
2.831473708283457569e+00
2.828352564049933626e+00
2.825780121271615375e+00
2.821971862374626383e+00
2.821971862374626383e+00
2.821971862374626383e+00
2.820276250987922673e+00
2.814412052943884301e+00
2.814295448742063055e+00
2.811690770931969841e+00
2.810967643268392990e+00
2.810967643268392990e+00
2.801898689180073898e+00
2.801898689180073898e+00
2.801898689180073898e+00
2.800973602333207246e+00
2.796567378393897130e+00
2.785563359276051365e+00
2.784709446232323415e+00
2.780839806580428508e+00
2.780839806580428508e+00
2.780839806580428508e+00
2.780839806580428508e+00
2.780839806580428508e+00
2.776128565105717261e+00
2.776128565105717261e+00
2.772095559642167917e+00
2.772095559642167917e+00
2.772095559642167917e+00
2.772095559642167917e+00
2.768560151645020895e+00
2.768560151645020895e+00
2.768268206861668634e+00
2.768268206861668634e+00
2.767375940305688342e+00
2.767375940305688342e+00
2.767375940305688342e+00
2.767375940305688342e+00
2.767375940305688342e+00
2.766085989677126822e+00
2.766085989677126822e+00
2.766085989677126822e+00
2.766085989677126822e+00
2.766085989677126822e+00
2.763446375974482283e+00
2.763335104240573159e+00
2.761734622377174375e+00
2.760027300294540353e+00
2.756156456839766289e+00
2.756156456839766289e+00
2.756156456839766289e+00
2.753780270951012188e+00
2.753348900822507161e+00
2.749275449107884572e+00
2.741353318194144961e+00
2.741057061614416313e+00
2.740651618607452100e+00
2.738040516132613345e+00
2.738040516132613345e+00
2.736886100368680186e+00
2.731420234038960615e+00
2.723611889213786608e+00
2.723611889213786608e+00
2.723611889213786608e+00
2.715352359479280331e+00
2.714411870736921362e+00
2.714411870736921362e+00
2.714411870736921362e+00
2.714237090662158902e+00
2.714237090662158902e+00
2.714237090662158902e+00
2.712416844053837206e+00
2.712416844053837206e+00
2.709914375537069375e+00
2.709914375537069375e+00
2.709914375537069375e+00
2.709914375537069375e+00
2.708801437088549147e+00
2.708766604591979821e+00
2.697332234145203955e+00
2.694137646121987473e+00
2.694137646121987473e+00
2.693392984731766582e+00
2.693392984731766582e+00
2.693392984731766582e+00
2.689742839453590051e+00
2.687220644014546078e+00
2.687220644014546078e+00
2.687220644014546078e+00
2.687220644014546078e+00
2.687220644014546078e+00
2.687220644014546078e+00
2.687220644014546078e+00
2.687220644014546078e+00
2.687220644014546078e+00
2.682800071876899839e+00
2.678111600930885849e+00
2.678111600930885849e+00
2.678111600930885849e+00
2.678111600930885849e+00
2.678111600930885849e+00
2.678111600930885849e+00
2.678111600930885849e+00
2.675929774055153754e+00
2.675929774055153754e+00
2.675929774055153754e+00
2.675615342599954705e+00
2.668385783277883228e+00
2.668122148613137679e+00
2.664753749817181383e+00
2.657436972934611674e+00
2.657436972934611674e+00
2.656908635031249855e+00
2.656908635031249855e+00
2.656908635031249855e+00
2.656908635031249855e+00
2.656908635031249855e+00
2.656908635031249855e+00
2.656908635031249855e+00
2.656908635031249855e+00
2.656908635031249855e+00
2.655881413678647274e+00
2.654854422313623008e+00
2.653695306837748458e+00
2.653695306837748458e+00
2.651896157367851892e+00
2.650800419408343878e+00
2.650800419408343878e+00
2.650800419408343878e+00
2.642730198708844291e+00
2.642730198708842959e+00
2.642730198708842959e+00
2.642730198708842959e+00
2.642730198708842959e+00
2.638624943707419845e+00
2.638624943707419845e+00
2.638624943707419845e+00
2.638624943707419845e+00
2.636133039125629907e+00
2.636133039125630795e+00
2.634101297309878298e+00
2.631649313813139379e+00
2.631649313813139379e+00
2.627193148421891777e+00
2.627193148421890889e+00
2.627193148421893110e+00
2.627193148421891777e+00
2.624922456463969489e+00
2.624922456463969489e+00
2.624922456463969489e+00
2.624922456463969489e+00
2.624922456463969489e+00
2.624922456463969489e+00
2.624557150192892152e+00
2.624557150192892152e+00
2.624557150192892152e+00
2.621203543375238976e+00
2.619940538216569248e+00
2.619940538216569248e+00
2.619940538216569248e+00
2.614667810830448857e+00
2.614667810830448857e+00
2.614495101435498459e+00
2.612739725971399363e+00
2.612739725971399363e+00
2.612739725971399363e+00
2.612739725971399363e+00
2.611929349960212754e+00
2.611929349960212754e+00
2.611929349960212754e+00
2.609467927017497857e+00
2.609467927017497857e+00
2.608858629041101107e+00
2.607306800780548439e+00
2.607306800780548439e+00
2.607196302880652183e+00
2.607196302880652183e+00
2.607196302880652183e+00
2.605594807938691915e+00
2.605594807938691915e+00
2.605594807938691915e+00
2.604445073561480140e+00
2.604445073561480140e+00
2.604445073561480140e+00
2.601114691952788771e+00
2.601114691952788771e+00
2.601114691952788771e+00
2.597663996628545302e+00
2.597663996628545302e+00
2.597663996628545302e+00
2.586482027398250949e+00
2.586482027398250061e+00
2.584915079862559306e+00
2.584915079862559306e+00
2.584915079862559306e+00
2.583662038796374905e+00
2.583662038796374905e+00
2.583105675383251310e+00
2.583105675383251310e+00
2.577109098235474072e+00
2.572439277277320802e+00
2.571278558993494112e+00
2.571278558993493224e+00
2.568144287074638932e+00
2.568144287074638932e+00
2.568144287074638932e+00
2.565293386240040441e+00
2.565293386240040441e+00
2.565293386240040441e+00
2.565293386240040441e+00
2.565293386240040441e+00
2.565293386240040441e+00
2.565293386240040441e+00
2.565293386240040441e+00
2.565293386240040441e+00
2.565282672610452508e+00
2.564135874181389330e+00
2.564135874181389330e+00
2.564135874181389330e+00
2.564135874181389330e+00
2.561643426907347365e+00
2.561643426907346033e+00
2.561643426907346033e+00
2.561463886876754525e+00
2.561463886876754525e+00
2.561463886876754525e+00
2.560000631107924196e+00
2.556914879720085132e+00
2.556914879720085132e+00
2.556914879720085132e+00
2.556914879720085132e+00
2.556914879720085132e+00
2.554025335065140290e+00
2.554025335065140290e+00
2.554025335065140290e+00
2.554025335065140290e+00
2.554025335065140290e+00
2.554025335065140290e+00
2.554025335065140290e+00
2.554025335065140290e+00
2.551746704202228155e+00
2.551746704202228155e+00
2.551746704202228155e+00
2.547857002726295672e+00
2.547857002726295672e+00
2.547857002726295672e+00
2.547091160049834713e+00
2.547091160049834713e+00
2.547091160049834713e+00
2.547091160049834713e+00
2.547091160049834713e+00
2.547091160049834713e+00
2.546389632164914207e+00
2.546389632164914207e+00
2.543770724970808583e+00
2.543770724970808583e+00
2.543770724970808583e+00
2.541978460121433248e+00
2.540474078270402725e+00
2.540474078270402725e+00
2.540474078270402725e+00
2.540474078270402725e+00
2.540474078270402725e+00
2.540474078270402725e+00
2.540474078270402725e+00
2.540474078270402725e+00
2.540474078270402725e+00
2.534417158620261734e+00
2.534417158620261734e+00
2.534417158620261734e+00
2.534417158620261734e+00
2.534417158620260846e+00
2.524928729248785420e+00
2.524928729248785420e+00
2.524928729248785420e+00
2.524928729248785420e+00
2.524928729248785420e+00
2.524928729248785420e+00
2.524928729248785420e+00
2.520192378591935345e+00
2.520192378591936233e+00
2.520192378591935345e+00
2.520192378591935345e+00
2.518668415570374020e+00
2.517258333918056312e+00
2.517258333918057200e+00
2.517258333918056312e+00
2.517258333918056312e+00
2.517079667725679482e+00
2.510891851681769982e+00
2.506892225088342752e+00
2.506892225088342752e+00
2.506892225088341863e+00
2.506892225088342752e+00
2.506892225088342752e+00
2.494450340368361996e+00
2.493682530320252333e+00
2.493682530320251001e+00
2.493682530320252333e+00
2.493682530320252333e+00
2.492495032938140120e+00
2.489859775012888132e+00
2.489859775012888132e+00
2.489859775012888132e+00
2.489859775012888132e+00
2.488704803937510590e+00
2.488704803937510590e+00
2.488704803937510590e+00
2.488704803937510590e+00
2.487781298644864414e+00
2.487781298644864414e+00
2.487781298644864414e+00
2.487781298644864414e+00
2.487781298644864414e+00
2.484172789805828785e+00
2.483834629597513999e+00
2.476599145626759313e+00
2.474910123092920244e+00
2.474910123092920244e+00
2.474910123092920244e+00
2.474910123092920244e+00
2.474910123092920244e+00
2.474910123092920244e+00
2.474910123092920244e+00
2.474910123092920244e+00
2.474910123092920244e+00
2.474910123092920244e+00
2.463415231101280689e+00
2.462732564780024891e+00
2.462732564780024891e+00
2.462732564780024891e+00
2.462732564780024891e+00
2.462164426294576547e+00
2.462164426294576547e+00
2.460065359001044616e+00
2.459026112164438338e+00
2.459026112164438338e+00
2.459026112164438338e+00
2.459026112164438338e+00
2.459026112164438338e+00
2.459026112164438338e+00
2.459026112164438338e+00
2.459026112164438338e+00
2.459026112164438338e+00
2.459026112164438338e+00
2.459026112164438338e+00
2.458438709916121567e+00
2.458438709916121567e+00
2.458174684287075973e+00
2.458174684287075973e+00
2.458174684287075973e+00
2.458174684287075973e+00
2.458174684287075973e+00
2.458174684287075973e+00
2.458174684287075973e+00
2.458174684287075973e+00
2.458174684287075973e+00
2.458174684287075973e+00
2.458174684287075973e+00
2.458174684287075973e+00
2.445141002539873654e+00
2.444805503303071337e+00
2.444805503303072225e+00
2.444805503303072225e+00
2.444805503303072225e+00
2.444805503303072225e+00
2.443590955548477162e+00
2.443590955548477162e+00
2.443590955548477162e+00
2.443590955548477162e+00
2.443590955548477162e+00
2.443590955548477162e+00
2.443590955548477162e+00
2.441979532947203602e+00
2.441979532947203602e+00
2.441979532947203602e+00
2.441979532947203602e+00
2.441979532947203602e+00
2.441979532947202269e+00
2.441979532947203602e+00
2.441979532947203602e+00
2.441979532947203602e+00
2.441979532947203602e+00
2.441979532947203602e+00
2.441979532947203602e+00
2.441979532947203602e+00
2.441979532947203602e+00
2.441979532947203602e+00
2.441979532947203602e+00
2.441979532947203602e+00
2.441979532947203602e+00
2.441979532947203602e+00
2.441979532947203602e+00
2.441979532947202269e+00
2.441979532947203602e+00
2.441979532947203602e+00
2.441845185134783769e+00
2.441845185134783769e+00
2.439718040302625734e+00
2.439718040302625734e+00
2.439718040302625734e+00
2.439718040302625734e+00
2.439718040302625734e+00
2.433228099288000656e+00
2.433228099288000656e+00
2.433228099288000656e+00
2.433228099288000656e+00
2.433228099288000656e+00
2.433228099288000656e+00
2.433228099288000656e+00
2.433228099288000656e+00
2.433228099287999768e+00
2.433228099288000656e+00
2.433228099288000656e+00
2.433228099288000656e+00
2.433228099288000656e+00
2.433228099288000656e+00
2.430708524643413249e+00
2.430708524643413249e+00
2.430708524643413249e+00
2.430708524643413249e+00
2.430708524643413249e+00
2.430708524643413249e+00
2.430708524643413249e+00
2.428797208602055946e+00
2.426823861737757770e+00
2.426592853205514100e+00
2.426592853205514100e+00
2.426592853205514100e+00
2.426592853205514100e+00
2.426592853205514100e+00
2.426592853205514100e+00
2.426592853205514100e+00
2.426592853205514100e+00
2.426592853205514100e+00
2.426592853205514100e+00
2.426592853205514100e+00
2.426592853205512768e+00
2.426592853205514100e+00
2.426592853205514100e+00
2.421232510805195304e+00
2.421232510805195304e+00
2.421232510805195304e+00
2.421232510805194416e+00
2.421232510805195304e+00
2.421232510805195304e+00
2.421232510805195304e+00
2.421232510805195304e+00
2.421232510805195304e+00
2.421232510805195304e+00
2.421232510805195304e+00
2.421232510805195304e+00
2.421232510805195304e+00
2.421232510805195304e+00
2.413536778498931223e+00
2.413202533690483875e+00
2.413202533690483875e+00
2.413202533690482543e+00
2.413202533690483875e+00
2.413202533690483875e+00
2.413202533690483875e+00
2.413202533690481655e+00
2.411649801599905274e+00
2.410503811139801389e+00
2.410503811139801389e+00
2.410503811139801389e+00
2.410503811139801389e+00
2.410503811139801389e+00
2.406338273363681335e+00
2.406338273363681335e+00
2.406338273363681335e+00
2.406338273363681335e+00
2.406338273363681335e+00
2.406174923258022957e+00
2.403436316715377608e+00
2.403436316715378940e+00
2.403436316715378940e+00
2.400564964453554051e+00
2.400564964453554051e+00
2.400564964453554051e+00
2.400564964453554051e+00
2.400564964453554051e+00
2.399653247706019954e+00
2.388696160454647721e+00
2.388549434082866352e+00
2.388109715813419687e+00
2.385143413902639065e+00
2.385143413902639065e+00
2.385143413902639065e+00
2.379987380812121689e+00
2.379987380812121689e+00
2.379987380812121689e+00
2.377832361587580934e+00
2.377832361587580934e+00
2.377832361587580934e+00
2.377832361587580934e+00
2.377832361587580934e+00
2.377832361587580934e+00
2.377832361587580934e+00
2.377832361587580934e+00
2.377832361587580934e+00
2.377832361587580934e+00
2.377832361587580934e+00
2.377416584622933815e+00
2.377416584622933815e+00
2.377416584622933815e+00
2.377416584622933815e+00
2.377416584622933815e+00
2.377416584622933815e+00
2.377416584622933815e+00
2.377416584622933815e+00
2.377416584622933815e+00
2.377416584622933815e+00
2.377416584622933815e+00
2.377416584622933815e+00
2.377416584622933815e+00
2.377416584622933815e+00
2.377416584622933815e+00
2.377346830492563345e+00
2.377346830492563345e+00
2.377346830492563345e+00
2.377346830492563345e+00
2.377346830492563345e+00
2.377346830492563345e+00
2.377346830492563345e+00
2.377346830492563345e+00
2.377346830492563345e+00
2.377346830492563345e+00
2.377346830492563345e+00
2.377346830492563345e+00
2.377346830492563345e+00
2.375648103101965614e+00
2.375648103101965614e+00
2.375648103101965614e+00
2.375648103101965614e+00
2.375648103101965614e+00
2.375648103101965614e+00
2.375551366270548304e+00
2.375551366270548304e+00
2.375551366270548304e+00
2.375551366270548304e+00
2.375551366270548304e+00
2.375551366270548304e+00
2.375551366270548304e+00
2.375551366270548304e+00
2.375551366270548304e+00
2.375551366270548304e+00
2.375551366270548304e+00
2.375551366270548304e+00
2.375551366270546971e+00
2.375551366270548304e+00
2.375551366270548304e+00
2.375011954917089607e+00
2.375011954917089607e+00
2.375011954917089607e+00
2.375011954917089607e+00
2.375011954917089607e+00
2.375011954917089607e+00
2.374566475749256611e+00
2.374566475749256611e+00
2.374566475749256611e+00
2.374566475749256611e+00
2.374566475749256611e+00
2.374566475749256611e+00
2.374566475749256611e+00
2.374057210495771120e+00
2.373112073078317064e+00
2.373112073078317064e+00
2.360769742801037463e+00
2.356614302616532264e+00
2.353908601349724794e+00
2.353908601349723462e+00
2.353908601349724794e+00
2.353908601349724794e+00
2.348841895540995317e+00
2.348841895540993985e+00
2.345440517940770242e+00
2.345440517940771130e+00
2.345440517940771130e+00
2.345440517940771130e+00
2.345440517940771130e+00
2.344006877454951177e+00
2.344006877454951177e+00
2.338654034685480276e+00
2.338654034685480276e+00
2.337468027511826030e+00
2.337468027511826030e+00
2.337468027511826030e+00
2.337468027511826030e+00
2.337468027511826030e+00
2.337468027511826030e+00
2.337468027511826030e+00
2.337468027511826030e+00
2.337468027511826030e+00
2.336443660681643664e+00
2.336443660681643664e+00
2.336443660681643664e+00
2.336443660681643664e+00
2.335444998006369399e+00
2.335444998006369399e+00
2.335444998006369399e+00
2.335444998006369399e+00
2.335444998006369399e+00
2.335444998006369399e+00
2.335444998006369399e+00
2.335444998006369399e+00
2.335444998006369399e+00
2.335444998006369399e+00
2.333239724581751329e+00
2.333239724581751329e+00
2.333239724581751329e+00
2.333239724581751329e+00
2.333239724581751329e+00
2.333239724581751329e+00
2.333239724581751329e+00
2.333239724581751329e+00
2.333239724581751329e+00
2.333239724581751329e+00
2.333239724581751329e+00
2.333239724581751329e+00
2.331607591934117707e+00
2.331607591934117707e+00
2.331607591934117707e+00
2.331607591934117707e+00
2.331607591934117707e+00
2.331607591934117707e+00
2.331607591934117707e+00
2.331607591934116819e+00
2.331607591934117707e+00
2.331607591934117707e+00
2.331607591934117707e+00
2.331607591934117707e+00
2.331607591934116819e+00
2.331607591934117707e+00
2.331607591934116819e+00
2.331607591934117707e+00
2.331607591934117707e+00
2.331607591934117707e+00
2.331607591934117707e+00
2.331607591934117707e+00
2.331607591934117707e+00
2.331607591934117707e+00
2.331607591934117707e+00
2.331607591934117707e+00
2.331607591934117707e+00
2.331607591934117707e+00
2.331607591934117707e+00
2.331607591934117707e+00
2.331607591934117707e+00
2.331607591934117707e+00
2.331607591934117707e+00
2.331607591934116819e+00
2.331607591934117707e+00
2.331607591934117707e+00
2.331607591934116819e+00
2.331607591934117707e+00
2.325902869047277388e+00
2.321770706900910142e+00
2.321770706900910142e+00
2.321770706900910142e+00
2.321770706900910142e+00
2.321770706900910142e+00
2.321264612874210265e+00
2.321264612874210265e+00
2.319182899849356438e+00
2.319182899849356438e+00
2.318641233648518263e+00
2.318641233648518263e+00
2.318641233648518263e+00
2.318118057131784315e+00
2.318118057131783427e+00
2.318118057131784315e+00
2.316622172535543811e+00
2.316622172535543811e+00
2.316622172535543811e+00
2.316622172535543811e+00
2.316622172535543811e+00
2.313713064336149650e+00
2.313713064336149650e+00
2.313713064336149650e+00
2.313713064336149650e+00
2.313713064336149650e+00
2.313713064336149650e+00
2.313713064336149650e+00
2.312033932473505526e+00
2.312033932473505526e+00
2.307437936634567421e+00
2.307437936634567421e+00
2.306270048398256112e+00
2.306270048398256112e+00
2.306270048398256112e+00
2.306270048398256112e+00
2.306270048398256112e+00
2.306270048398256112e+00
2.306270048398256112e+00
2.306270048398256112e+00
2.306270048398256112e+00
2.306270048398256112e+00
2.306270048398256112e+00
2.306270048398256112e+00
2.306270048398254779e+00
2.306270048398254779e+00
2.306074518022068087e+00
2.306074518022068087e+00
2.306074518022068087e+00
2.306074518022068087e+00
2.303526050998462971e+00
2.303526050998462971e+00
2.303526050998462971e+00
2.303526050998462971e+00
2.303526050998462971e+00
2.303526050998462971e+00
2.303526050998462971e+00
2.303526050998462971e+00
2.303526050998462971e+00
2.303526050998462971e+00
2.302137593357200362e+00
2.302137593357200362e+00
2.302137593357200362e+00
2.302137593357200362e+00
2.302137593357200362e+00
2.302137593357200362e+00
2.302137593357200362e+00
2.302137593357200362e+00
2.302137593357200362e+00
2.302137593357199474e+00
2.302137593357200362e+00
2.301977231919448030e+00
2.301977231919448030e+00
2.301977231919448030e+00
2.301977231919448030e+00
2.301870181525056847e+00
2.298080508472953198e+00
2.298080508472953198e+00
2.296848274443891835e+00
2.296848274443891835e+00
2.292774274812694468e+00
2.292774274812694468e+00
2.292774274812694468e+00
2.292774274812694468e+00
2.291684158483464184e+00
2.291684158483464184e+00
2.291684158483464184e+00
2.291684158483464184e+00
2.291684158483464184e+00
2.291684158483464184e+00
2.291684158483462852e+00
2.291684158483464184e+00
2.291684158483464184e+00
2.291684158483464184e+00
2.282916047138736193e+00
2.282916047138736193e+00
2.282916047138736193e+00
2.282916047138736193e+00
2.282916047138736193e+00
2.282916047138736193e+00
2.282916047138736193e+00
2.282916047138734861e+00
2.282916047138736193e+00
2.282916047138736193e+00
2.282916047138736193e+00
2.282916047138736193e+00
2.282916047138736193e+00
2.280479570164790193e+00
2.280479570164790193e+00
2.280479570164790193e+00
2.280479570164790193e+00
2.280479570164789305e+00
2.280479570164790193e+00
2.280479570164790193e+00
2.280479570164789305e+00
2.280479570164790193e+00
2.280479570164790193e+00
2.280479570164790193e+00
2.280479570164790193e+00
2.280479570164790193e+00
2.280479570164790193e+00
2.280479570164790193e+00
2.280479570164790193e+00
2.280479570164790193e+00
2.280479570164790193e+00
2.280479570164790193e+00
2.280479570164790193e+00
2.280479570164789305e+00
2.280479570164789305e+00
2.280479570164790193e+00
2.280479570164790193e+00
2.280479570164790193e+00
2.280479570164790193e+00
2.280306942210984289e+00
2.280306942210984289e+00
2.280306942210982957e+00
2.280306942210984289e+00
2.280306942210984289e+00
2.280306942210984289e+00
2.280306942210984289e+00
2.280306942210984289e+00
2.280306942210984289e+00
2.280306942210984289e+00
2.280306942210984289e+00
2.280306942210984289e+00
2.280306942210984289e+00
2.280306942210984289e+00
2.280306942210984289e+00
2.280306942210984289e+00
2.280306942210984289e+00
2.280306942210984289e+00
2.280306942210982957e+00
2.280306942210984289e+00
2.280059196431884150e+00
2.278572571565498972e+00
2.278572571565498972e+00
2.278572571565498972e+00
2.278572571565498972e+00
2.278572571565498972e+00
2.278572571565498972e+00
2.278572571565498972e+00
2.278572571565498972e+00
2.278572571565498972e+00
2.278572571565498972e+00
2.278572571565498972e+00
2.276711274691030962e+00
2.276711274691030962e+00
2.276711274691030962e+00
2.276711274691030962e+00
2.276711274691030962e+00
2.276283684050754985e+00
2.276283684050754985e+00
2.276283684050754985e+00
2.276283684050754985e+00
2.276283684050754985e+00
2.276283684050754985e+00
2.276283684050754985e+00
2.276283684050754985e+00
2.276283684050754985e+00
2.276283684050754985e+00
2.276283684050754985e+00
2.276283684050754985e+00
2.276283684050754985e+00
2.276283684050754985e+00
2.276283684050754985e+00
2.276283684050754985e+00
2.276131307470178555e+00
2.276131307470178555e+00
2.276131307470178555e+00
2.276131307470178555e+00
2.276131307470178555e+00
2.276131307470178555e+00
2.275717439380896767e+00
2.275717439380896767e+00
2.275717439380896767e+00
2.275717439380896767e+00
2.272440764787355683e+00
2.272440764787355683e+00
2.272440764787355683e+00
2.272440764787355683e+00
2.272440764787355683e+00
2.272440764787355683e+00
2.272440764787355683e+00
2.272440764787355683e+00
2.272440764787355683e+00
2.272440764787355683e+00
2.272440764787355683e+00
2.272440764787355683e+00
2.272440764787355683e+00
2.272440764787355683e+00
2.272302469422373683e+00
2.272302469422373683e+00
2.272302469422373683e+00
2.272302469422373683e+00
2.272302469422373683e+00
2.272302469422373683e+00
2.272302469422373683e+00
2.272302469422373683e+00
2.272302469422373683e+00
2.272302469422373683e+00
2.272302469422373683e+00
2.271272105396136443e+00
2.266895112014176927e+00
2.266722712699604791e+00
2.264020309664764419e+00
2.264020309664764419e+00
2.264020309664764419e+00
2.261687824879328623e+00
2.261687824879328623e+00
2.258260887837692632e+00
2.258260887837692632e+00
2.258260887837691744e+00
2.258260887837692632e+00
2.258260887837692632e+00
2.257271913544625530e+00
2.257148374475073549e+00
2.256443444230554984e+00
2.256184413010021483e+00
2.256184413010021483e+00
2.256184413010021483e+00
2.256184413010021483e+00
2.255141589274690883e+00
2.255141589274690883e+00
2.255141589274690883e+00
2.252053937773315528e+00
2.252053937773315528e+00
2.252053937773315528e+00
2.252053937773315528e+00
2.252053937773315528e+00
2.252053937773315528e+00
2.252053937773315528e+00
2.252053937773315528e+00
2.251442744399772433e+00
