3.656014474088767230e+00
3.612234384666063391e+00
3.537340004885368483e+00
3.497808887377652276e+00
3.438128027968045952e+00
3.414637414406998417e+00
3.380960784765330462e+00
3.373409894141364607e+00
3.354805568145974526e+00
3.347743485280649356e+00
3.317562603172785174e+00
3.308625665308266406e+00
3.300688999291281345e+00
3.287627845577322905e+00
3.284970183019615408e+00
3.279036749742081369e+00
3.277159201524189935e+00
3.270710419452871331e+00
3.248244583167316790e+00
3.240647978600265322e+00
3.238347603631559490e+00
3.225652188103990792e+00
3.217448616834800657e+00
3.212205651687215724e+00
3.205554860088215108e+00
3.200524318573449101e+00
3.192891134179248080e+00
3.190546583336831166e+00
3.189446870264550427e+00
3.189283016860751108e+00
3.185539351894603577e+00
3.182029503043134699e+00
3.175006103892608067e+00
3.168027545921100252e+00
3.166235962507047752e+00
3.158349990330558743e+00
3.151188776135385172e+00
3.147280760420768431e+00
3.141987236223847901e+00
3.134148422407792012e+00
3.120014872021146246e+00
3.115202556449927940e+00
3.111328837046075879e+00
3.111115307900109705e+00
3.107354248852060241e+00
3.100810246022299932e+00
3.098396758198258549e+00
3.091668304746118423e+00
3.086682602704106770e+00
3.083651343069128359e+00
3.079084021793074388e+00
3.079084021793074388e+00
3.075037650072057982e+00
3.074864528456043633e+00
3.072619866610425188e+00
3.070457689285823299e+00
3.067443429398956756e+00
3.053950982376223422e+00
3.053950982376223422e+00
3.052545129766939258e+00
3.044541574751314705e+00
3.035672017142252432e+00
3.029259539296614179e+00
3.029259539296614179e+00
3.023725394468570915e+00
3.023725394468570915e+00
3.023725394468570915e+00
3.022315096129423395e+00
3.015229500427830001e+00
3.010486024778978198e+00
3.001522661528605251e+00
3.000964964985236350e+00
2.995265560853731746e+00
2.994917387127019381e+00
2.989582315005426150e+00
2.988534807884885680e+00
2.985282698102651011e+00
2.984334688550059234e+00
2.980437529516177353e+00
2.976927030976112665e+00
2.976697588802473149e+00
2.973074332430765132e+00
2.968677117882971395e+00
2.959316026471681571e+00
2.958494631765633986e+00
2.956977666137223792e+00
2.956977666137223792e+00
2.955943578014932349e+00
2.951164443155998018e+00
2.948128077324086327e+00
2.938940417120361470e+00
2.938401589103066591e+00
2.935614539278341262e+00
2.933416440653297208e+00
2.932889106630750309e+00
2.926795946965675022e+00
2.925140561680997564e+00
2.922449126848662537e+00
2.921344437418301077e+00
2.918952740793709921e+00
2.913637970529368459e+00
2.910222937086008432e+00
2.905235188973874116e+00
2.905235188973874116e+00
2.897987801753944659e+00
2.897987801753944659e+00
2.896823360521729285e+00
2.896302733264431772e+00
2.893509012758567867e+00
2.890850259761700514e+00
2.890117140108279248e+00
2.888280287239658239e+00
2.886978882813023173e+00
2.884520479511749169e+00
2.884520479511749169e+00
2.884178512580489073e+00
2.883469934643277721e+00
2.880027480181707844e+00
2.878546484751557166e+00
2.874246843501647941e+00
2.871582843463445389e+00
2.866466781240749828e+00
2.866466781240749828e+00
2.866120749048633787e+00
2.862672679872398263e+00
2.861664655781686495e+00
2.858414273274923367e+00
2.854858877150221463e+00
2.853102962425974720e+00
2.849741322758173823e+00
2.848495769954767720e+00
2.848380868313776126e+00
2.846242444870362043e+00
2.839555385335615245e+00
2.837372308226257189e+00
2.837087691377965903e+00
2.834078564795903699e+00
2.833626229963068344e+00
2.833626229963068344e+00
2.827479582500313615e+00
2.824797362319507954e+00
2.821712513700359359e+00
2.821301196166661640e+00
2.821301196166661640e+00
2.820642860028449217e+00
2.820588853740150892e+00
2.819824397856679266e+00
2.819751885617845399e+00
2.819751885617845399e+00
2.819180061572244433e+00
2.816555607546464834e+00
2.815803865158183594e+00
2.815803865158183594e+00
2.815803865158183594e+00
2.811923546417772979e+00
2.810393538384253986e+00
2.806966769030450504e+00
2.804199606676075263e+00
2.804199606676075263e+00
2.803476411291009995e+00
2.803476411291009995e+00
2.801172724499045863e+00
2.800107682361361316e+00
2.800107682361361316e+00
2.800086153342855599e+00
2.795384986471346700e+00
2.791072007890634588e+00
2.784148389854614436e+00
2.782241221891200489e+00
2.778538967650186375e+00
2.772398748840158689e+00
2.772398748840158689e+00
2.768882449423892389e+00
2.768778620590104822e+00
2.768778620590104822e+00
2.768778620590104822e+00
2.766511630386121023e+00
2.766511630386121023e+00
2.766511630386121023e+00
2.766511630386121023e+00
2.766072262130598869e+00
2.766072262130598869e+00
2.766072262130598869e+00
2.766072262130598869e+00
2.765964957992137041e+00
2.762361574760237914e+00
2.762361574760237914e+00
2.761256188283930602e+00
2.761256188283931490e+00
2.760835858433885015e+00
2.756678132264909653e+00
2.756678132264911874e+00
2.754363843925929256e+00
2.754176390614675896e+00
2.753488911990447541e+00
2.753488911990446653e+00
2.753488911990446653e+00
2.749294808310908778e+00
2.749294808310908778e+00
2.749294808310908778e+00
2.747536606992998287e+00
2.747536606992998287e+00
2.746182120132628857e+00
2.746182120132628857e+00
2.746182120132628857e+00
2.745979454950551180e+00
2.745561520105946673e+00
2.745561520105946673e+00
2.744914104738159999e+00
2.743261652279181284e+00
2.743185270094556927e+00
2.743185270094556927e+00
2.741513582981911945e+00
2.741513582981911945e+00
2.737763507738517177e+00
2.737436280981632830e+00
2.737436280981632830e+00
2.737436280981632830e+00
2.737436280981632830e+00
2.737436280981632830e+00
2.737061642672989681e+00
2.735505894650115621e+00
2.735505894650115621e+00
2.731889193366217938e+00
2.731889193366217938e+00
2.731889193366216606e+00
2.724522830813260743e+00
2.721627263431335209e+00
2.721627263431335209e+00
2.720554080885973391e+00
2.718714327999903535e+00
2.718714327999903535e+00
2.718714327999903535e+00
2.705785469958895462e+00
2.705785469958895462e+00
2.705785469958895462e+00
2.705094652715653414e+00
2.704533262844981412e+00
2.704533262844981412e+00
2.704533262844981412e+00
2.703982324215585376e+00
2.703529666342122439e+00
2.702548880917207796e+00
2.701324726040710278e+00
2.698536849706440588e+00
2.696828968862725162e+00
2.696311387413035554e+00
2.691197273985507898e+00
2.689431164714411349e+00
2.689431164714411349e+00
2.689431164714411349e+00
2.689074194416580799e+00
2.685472501835743486e+00
2.682323197374195445e+00
2.681406114150230113e+00
2.681406114150230113e+00
2.675793783903090972e+00
2.674647259536453880e+00
2.673450757584792559e+00
2.673336160243412696e+00
2.673213784463578602e+00
2.673213784463577269e+00
2.673213784463578602e+00
2.673068194679861787e+00
2.673068194679861787e+00
2.673068194679861787e+00
2.673068194679861787e+00
2.673068194679861787e+00
2.669408090415804402e+00
2.664820217573109051e+00
2.660256906464369742e+00
2.659846655725680353e+00
2.659846655725680353e+00
2.653916009015039545e+00
2.653916009015038657e+00
2.653882433966208598e+00
2.650688068696666289e+00
2.650688068696666289e+00
2.649028904877968937e+00
2.649028904877968937e+00
2.649028904877968937e+00
2.649028904877968937e+00
2.649028904877968937e+00
2.647793899563704922e+00
2.647793899563704922e+00
2.647793899563704922e+00
2.647793899563704922e+00
2.646745277451449940e+00
2.642825171924020999e+00
2.642825171924020999e+00
2.641392255101615127e+00
2.641392255101616016e+00
2.641392255101616016e+00
2.640614427250017826e+00
2.640614427250017826e+00
2.640614427250017826e+00
2.640614427250017826e+00
2.637856325629501342e+00
2.637762002123784200e+00
2.637762002123784200e+00
2.635880726111770933e+00
2.635880726111770933e+00
2.635880726111770933e+00
2.632973778779400753e+00
2.632756758513253637e+00
2.627443301182983415e+00
2.627443301182983415e+00
2.627443301182983415e+00
2.627443301182982527e+00
2.625625716743253957e+00
2.624146043851059318e+00
2.622297663212787455e+00
2.621792084464122929e+00
2.620791983027795702e+00
2.620791983027795702e+00
2.620791983027794370e+00
2.620791983027795702e+00
2.620791983027795702e+00
2.620791983027794370e+00
2.616279461120817551e+00
2.616279461120818883e+00
2.615423311158646680e+00
2.611959842545826582e+00
2.607495919954496699e+00
2.606228428050909152e+00
2.603018104732258475e+00
2.603018104732258475e+00
2.603018104732258475e+00
2.602812182832627830e+00
2.601763067311056332e+00
2.599655602840337476e+00
2.599655602840337476e+00
2.599137170718622603e+00
2.599137170718622603e+00
2.598812043775506453e+00
2.598408799456354057e+00
2.598408799456354057e+00
2.596178008300849882e+00
2.595825316322005083e+00
2.595825316322005083e+00
2.594772122679024129e+00
2.594772122679024129e+00
2.589338294509948568e+00
2.589338294509948568e+00
2.586487246870877055e+00
2.586487246870877055e+00
2.586487246870877055e+00
2.583166200091034703e+00
2.583166200091033371e+00
2.581059246411240515e+00
2.575504879241635958e+00
2.575504879241635958e+00
2.575394573696105027e+00
2.575394573696105027e+00
2.575394573696105027e+00
2.575394573696105027e+00
2.575394573696105027e+00
2.575394573696105027e+00
2.574617162352898614e+00
2.574617162352898614e+00
2.574617162352898614e+00
2.574311035350829169e+00
2.574311035350829169e+00
2.573931841100098872e+00
2.573056864537857535e+00
2.573056864537858424e+00
2.573056864537858424e+00
2.571100992608736924e+00
2.570988566405835840e+00
2.570870890447541246e+00
2.570870890447541246e+00
2.558694925204696435e+00
2.558694925204696435e+00
2.554895120867450853e+00
2.554895120867450853e+00
2.553445875192252412e+00
2.553445875192252412e+00
2.553202660918812317e+00
2.550515881294147302e+00
2.550515881294147302e+00
2.546665709833578095e+00
2.542789232656014864e+00
2.541220151218791301e+00
2.541220151218791301e+00
2.534938714149799210e+00
2.530374593982922971e+00
2.527398833422927371e+00
2.527398833422927371e+00
2.527047467676380776e+00
2.527047467676380776e+00
2.526529555622039958e+00
2.526529555622039958e+00
2.525479529385097788e+00
2.525479529385097788e+00
2.525479529385097788e+00
2.525479529385097788e+00
2.525479529385097788e+00
2.525479529385097788e+00
2.523002690958553451e+00
2.520812402185673928e+00
2.520717606929748555e+00
2.520717606929748555e+00
2.519784291890544647e+00
2.519784291890544647e+00
2.519784291890544647e+00
2.519784291890545536e+00
2.519784291890544647e+00
2.519784291890544647e+00
2.516870544983983216e+00
2.515660421899099219e+00
2.513201188420703946e+00
2.513201188420703946e+00
2.513201188420703946e+00
2.513101360179552213e+00
2.513101360179552213e+00
2.513101360179552213e+00
2.513101360179552213e+00
2.513101360179552213e+00
2.512878784315340397e+00
2.512878784315340397e+00
2.508841905447287690e+00
2.508841905447286802e+00
2.508841905447286802e+00
2.506774735272168098e+00
2.506774735272168098e+00
2.506774735272168098e+00
2.506774735272168098e+00
2.506332080699859244e+00
2.506332080699859244e+00
2.506332080699859244e+00
2.506332080699859244e+00
2.506332080699859244e+00
2.506332080699859244e+00
2.506332080699859244e+00
2.500701953224944596e+00
2.498739463799901195e+00
2.498739463799901195e+00
2.494608580472542414e+00
2.494608580472542414e+00
2.494608580472542414e+00
2.494608580472542414e+00
2.493951046464974564e+00
2.493951046464974564e+00
2.493951046464974564e+00
2.493951046464974564e+00
2.493951046464974564e+00
2.493951046464974564e+00
2.493951046464975452e+00
2.493951046464974564e+00
2.493951046464974564e+00
2.493951046464974564e+00
2.493951046464974564e+00
2.493951046464974564e+00
2.493951046464974564e+00
2.493951046464974564e+00
2.493951046464974564e+00
2.493951046464974564e+00
2.493951046464974564e+00
2.493951046464974564e+00
2.493876594941763170e+00
2.488677931085144124e+00
2.488677931085144124e+00
2.486714189025058364e+00
2.479232906799905933e+00
2.479232906799905933e+00
2.479232906799905933e+00
2.479232906799905933e+00
2.476703450409994733e+00
2.475713828761941571e+00
2.475713828761941571e+00
2.475713828761941571e+00
2.475713828761941571e+00
2.475713828761941571e+00
2.475418692854333802e+00
2.475418692854333802e+00
2.475418692854333802e+00
2.475418692854333802e+00
2.475343835907827028e+00
2.475343835907827028e+00
2.475343835907827028e+00
2.475343835907827028e+00
2.475343835907827028e+00
2.475343835907827028e+00
2.475343835907827028e+00
2.475343835907827028e+00
2.475343835907827028e+00
2.475343835907827028e+00
2.474902320311377135e+00
2.474902320311377135e+00
2.474902320311377135e+00
2.474902320311377135e+00
2.474902320311377135e+00
2.474902320311377135e+00
2.474902320311377135e+00
2.474902320311377135e+00
2.474741105128341001e+00
2.473208547418900061e+00
2.471985930371621176e+00
2.471985930371621176e+00
2.471985930371621176e+00
2.469306638453277358e+00
2.468078060681033303e+00
2.466541049940229158e+00
2.466541049940229158e+00
2.466206486551623556e+00
2.466206486551623556e+00
2.465504561623955482e+00
2.465504561623955482e+00
2.463812704202493986e+00
2.463812704202493986e+00
2.463812704202493986e+00
2.463812704202493986e+00
2.463094957051137790e+00
2.463094957051137790e+00
2.459074036240534333e+00
2.459074036240534333e+00
2.458421058161440076e+00
2.458421058161440076e+00
2.458421058161440076e+00
2.458421058161440076e+00
2.455397408142017568e+00
2.455397408142017568e+00
2.455397408142017568e+00
2.455397408142017568e+00
2.455397408142017568e+00
2.455397408142017568e+00
2.454899846472691216e+00
2.454899846472691216e+00
2.454899846472691216e+00
2.454899846472691216e+00
2.451628227711213803e+00
2.451432601079383211e+00
2.451432601079383211e+00
2.451432601079383211e+00
2.451432601079383211e+00
2.451432601079383211e+00
2.450785524316472674e+00
2.449013589050608619e+00
2.449013589050608619e+00
2.449013589050608619e+00
2.449013589050608619e+00
2.449013589050608619e+00
2.446473461207393729e+00
2.442702703432216182e+00
2.440922047720247789e+00
2.440922047720247789e+00
2.440922047720247789e+00
2.440846543725417206e+00
2.440846543725417206e+00
2.440846543725417206e+00
2.440846543725417206e+00
2.438787632853737009e+00
2.438787632853737009e+00
2.438787632853737009e+00
2.438787632853737009e+00
2.434999813948834024e+00
2.434999813948834024e+00
2.434999813948834024e+00
2.434999813948834024e+00
2.434752424271841686e+00
2.434752424271841686e+00
2.434752424271841686e+00
2.434752424271841686e+00
2.434752424271841686e+00
2.432011541588785963e+00
2.432011541588785963e+00
2.429359802472723651e+00
2.429359802472723651e+00
2.429359802472723651e+00
2.429359802472723651e+00
2.428701515018307333e+00
2.420770030840550646e+00
2.420770030840550646e+00
2.418748671004255169e+00
2.417727635078884330e+00
2.417727635078884330e+00
2.417727635078884330e+00
2.417727635078884330e+00
2.417727635078884330e+00
2.417727635078884330e+00
2.417727635078884330e+00
2.417727635078884330e+00
2.417727635078884330e+00
2.417727635078884330e+00
2.417727635078884330e+00
2.417727635078884330e+00
2.417727635078884330e+00
2.417727635078884330e+00
2.416341823735803196e+00
2.416341823735803196e+00
2.416341823735803196e+00
2.416341823735803196e+00
2.416341823735803196e+00
2.416341823735803196e+00
2.416341823735803196e+00
2.416341823735803196e+00
2.412318644875887319e+00
2.412318644875887319e+00
2.412318644875887319e+00
2.412318644875887319e+00
2.404461674099733770e+00
2.404461674099733770e+00
2.404461674099733770e+00
2.404461674099733770e+00
2.404461674099733770e+00
2.399096505505299959e+00
2.397221460690454720e+00
2.397221460690454720e+00
2.397221460690454720e+00
2.395987603077803563e+00
2.395170464438590496e+00
2.395170464438590496e+00
2.395170464438590496e+00
2.395170464438590496e+00
2.395170464438590496e+00
2.395170464438590496e+00
2.395170464438590496e+00
2.395170464438590496e+00
2.395170464438590496e+00
2.395170464438590496e+00
2.395170464438590496e+00
2.395170464438590496e+00
2.395170464438590496e+00
2.395170464438590496e+00
2.395170464438590496e+00
2.395170464438590496e+00
2.395170464438590496e+00
2.391478761609886483e+00
2.391478761609886483e+00
2.391478761609886483e+00
2.391478761609886483e+00
2.391478761609886483e+00
2.391478761609886483e+00
2.391478761609886483e+00
2.391478761609886483e+00
2.391478761609886483e+00
2.391478761609886483e+00
2.391478761609886483e+00
2.391478761609886483e+00
2.391478761609886483e+00
2.391478761609886483e+00
2.391478761609886483e+00
2.391478761609886483e+00
2.391478761609886483e+00
2.391478761609886483e+00
2.391478761609886483e+00
2.391478761609886483e+00
2.391478761609886483e+00
2.390302356740477752e+00
2.390302356740477752e+00
2.390302356740477752e+00
2.390104750393311939e+00
2.390104750393311939e+00
2.390104750393311939e+00
2.390104750393311939e+00
2.390104750393311939e+00
2.390104750393311939e+00
2.389004438996985780e+00
2.389004438996985780e+00
2.389004438996985780e+00
2.389004438996985780e+00
2.389004438996985780e+00
2.389004438996985780e+00
2.388832273778510817e+00
2.388832273778510817e+00
2.388391076727281792e+00
2.388391076727281792e+00
2.387304990691528683e+00
2.387304990691528683e+00
2.387304990691528683e+00
2.386735873123460028e+00
2.386735873123460028e+00
2.386735873123460028e+00
2.386735873123460028e+00
2.386666601080728256e+00
2.384530102795564321e+00
2.384530102795564321e+00
2.384530102795564321e+00
2.384530102795564321e+00
2.384530102795564321e+00
2.384530102795564321e+00
2.384530102795564321e+00
2.384530102795564321e+00
2.384280125260171079e+00
2.384280125260171079e+00
2.384280125260171079e+00
2.384280125260171079e+00
2.384280125260171079e+00
2.384280125260171079e+00
2.384280125260171079e+00
2.384280125260171079e+00
2.384280125260171079e+00
2.384280125260171079e+00
2.384280125260171079e+00
2.384280125260171079e+00
2.384280125260171079e+00
2.384280125260171079e+00
2.383564553237516037e+00
2.383564553237516037e+00
2.383564553237516037e+00
2.383564553237516037e+00
2.383564553237516037e+00
2.383564553237516037e+00
2.383564553237516037e+00
2.383564553237516037e+00
2.383564553237516037e+00
2.383564553237516037e+00
2.383564553237516037e+00
2.383564553237516037e+00
2.383564553237516037e+00
2.383564553237516037e+00
2.382896792324916024e+00
2.382896792324916024e+00
2.382896792324916024e+00
2.382896792324916024e+00
2.382896792324916024e+00
2.382896792324916024e+00
2.382896792324916024e+00
2.379357566911408650e+00
2.379357566911408650e+00
2.379357566911408650e+00
2.379357566911408650e+00
2.379357566911408650e+00
2.379357566911408650e+00
2.379357566911408650e+00
2.378322151675983154e+00
2.378322151675983154e+00
2.377854927845712396e+00
2.377854927845712396e+00
2.374137139670553065e+00
2.374137139670553065e+00
2.369026282512531001e+00
2.369026282512531001e+00
2.369026282512531001e+00
2.368683700388289015e+00
2.368683700388290347e+00
2.368683700388289015e+00
2.368382553517566436e+00
2.367248915955859179e+00
2.367248915955859179e+00
2.367248915955859179e+00
2.367248915955859179e+00
2.364571544358859523e+00
2.364571544358858635e+00
2.362439496178383891e+00
2.362439496178383891e+00
2.362439496178383891e+00
2.362439496178383891e+00
2.362439496178383891e+00
2.362439496178383891e+00
2.362439496178383891e+00
2.362439496178383891e+00
2.362439496178383891e+00
2.362439496178383891e+00
2.362439496178383891e+00
2.362439496178383891e+00
2.362439496178383891e+00
2.362439496178383891e+00
2.362439496178383891e+00
2.362439496178383891e+00
2.362439496178383891e+00
2.362439496178383891e+00
2.362439496178383891e+00
2.362439496178383891e+00
2.362439496178383891e+00
2.362439496178383891e+00
2.362439496178383891e+00
2.362439496178383891e+00
2.360274351386174363e+00
2.360274351386174363e+00
2.359575707457572502e+00
2.359575707457572502e+00
2.359575707457572502e+00
2.359575707457573834e+00
2.359575707457572502e+00
2.359575707457572502e+00
2.359575707457573834e+00
2.359575707457572502e+00
2.359575707457572502e+00
2.359486581300489938e+00
2.359486581300489938e+00
2.359486581300489938e+00
2.359486581300489938e+00
2.359486581300489938e+00
2.359141632598946270e+00
2.353989756044398529e+00
2.353701862299737435e+00
2.353701862299737435e+00
2.351417272653438140e+00
2.351417272653438140e+00
2.350855589729831774e+00
2.349233390162125623e+00
2.349233390162125623e+00
2.349233390162125623e+00
2.349233390162125623e+00
2.349233390162125623e+00
2.349233390162125623e+00
2.347549806821007223e+00
2.347549806821007223e+00
2.347549806821007223e+00
2.347549806821007223e+00
2.347549806821007223e+00
2.347549806821007223e+00
2.347549806821007223e+00
2.347549806821007223e+00
2.346359407093331573e+00
2.346359407093331573e+00
2.346359407093331573e+00
2.346359407093331573e+00
2.346359407093331573e+00
2.344194432645084980e+00
2.342796189081572056e+00
2.342000019661994781e+00
2.342000019661994781e+00
2.340666320675855783e+00
2.339862674650718954e+00
2.339862674650718954e+00
2.339862674650718954e+00
2.339862674650718954e+00
2.339862674650718954e+00
2.339862674650718954e+00
2.339862674650718954e+00
2.339862674650718954e+00
2.339862674650718954e+00
2.339736233134428911e+00
2.339736233134428911e+00
2.334576250582834689e+00
2.334576250582834689e+00
2.334225620362075038e+00
2.331557208574141171e+00
2.331557208574141171e+00
2.328838850255017245e+00
2.325190017213908611e+00
2.325190017213908611e+00
2.324914864459664443e+00
2.323000881898864112e+00
2.323000881898864112e+00
2.323000881898864112e+00
2.323000881898864112e+00
2.323000881898864112e+00
2.322639566636058639e+00
2.322595146069446503e+00
2.319708846542822389e+00
2.319708846542822389e+00
2.319708846542822389e+00
2.319708846542822389e+00
2.319708846542822389e+00
2.319708846542822389e+00
2.319708846542822389e+00
2.319708846542822389e+00
2.319708846542822389e+00
2.319708846542822389e+00
2.319708846542822389e+00
2.319708846542822389e+00
2.319708846542822389e+00
2.319708846542822389e+00
2.319708846542822389e+00
2.315438635933621647e+00
2.315438635933621647e+00
2.315438635933621647e+00
2.315438635933621647e+00
2.312574904741635073e+00
2.312352386208962773e+00
2.312352386208962773e+00
2.311326809836795615e+00
2.311326809836795615e+00
2.310013712126035124e+00
2.308556635914412070e+00
2.308556635914412070e+00
2.307386350898454008e+00
2.306522079389994762e+00
2.306522079389994762e+00
2.306522079389994762e+00
2.306522079389994762e+00
2.306522079389994762e+00
2.306522079389994762e+00
2.306522079389994762e+00
2.306522079389994762e+00
2.306522079389994762e+00
2.306522079389994762e+00
2.306522079389994762e+00
2.306201351106459185e+00
2.306201351106459185e+00
2.305051789925030015e+00
2.304358062154352460e+00
2.304358062154352460e+00
2.304358062154352460e+00
2.304358062154352460e+00
2.300626788525590438e+00
2.299658989209183879e+00
2.299658989209183879e+00
2.299658989209183879e+00
2.297505103050555775e+00
2.297505103050555775e+00
2.297505103050555775e+00
2.297505103050555775e+00
2.297505103050555775e+00
2.297505103050555775e+00
2.297505103050555775e+00
2.297505103050555775e+00
2.297198027731790049e+00
2.296896495109395531e+00
2.296896495109395531e+00
2.296896495109395531e+00
2.296896495109395531e+00
2.296896495109395531e+00
2.294666965596724229e+00
2.294666965596724229e+00
2.294666965596724229e+00
2.294666965596724229e+00
2.294666965596724229e+00
2.294666965596724229e+00
2.294666965596724229e+00
2.294666965596724229e+00
2.293218175236257483e+00
2.293204600012082928e+00
2.293204600012082928e+00
2.293204600012082928e+00
2.293204600012082928e+00
2.293204600012082928e+00
2.293204600012082928e+00
2.292767322530018248e+00
2.292767322530018248e+00
2.292767322530018248e+00
2.292767322530018248e+00
2.292767322530018248e+00
2.292767322530018248e+00
2.291098658982738012e+00
2.291098658982738012e+00
2.291098658982738012e+00
2.278525556569744204e+00
2.278525556569744204e+00
2.277424343480098479e+00
2.277424343480098479e+00
2.277424343480098479e+00
2.277424343480098479e+00
2.277405794432770136e+00
2.277405794432770136e+00
2.275867530337714495e+00
2.275867530337714495e+00
2.275867530337714495e+00
2.275867530337714495e+00
2.275867530337714495e+00
2.275867530337714495e+00
2.275867530337714495e+00
2.275867530337714495e+00
2.275867530337714495e+00
2.275867530337714495e+00
2.275867530337714495e+00
2.275867530337714495e+00
2.275292163116902966e+00
2.275292163116902966e+00
2.271929097532692676e+00
2.271156295425186489e+00
2.271031185949744291e+00
2.271031185949744291e+00
2.270969756149423091e+00
2.270969756149423091e+00
2.270969756149423091e+00
2.270969756149423091e+00
2.270969756149423091e+00
2.270969756149423091e+00
2.270969756149423091e+00
2.270198664704401459e+00
2.270198664704401459e+00
2.270198664704401459e+00
2.269484520646737113e+00
2.269484520646737113e+00
2.269484520646737113e+00
2.269330044330762686e+00
2.269330044330762686e+00
2.269330044330762686e+00
2.268617806091011602e+00
2.268617806091011602e+00
2.268617806091011602e+00
2.268042398116141722e+00
2.266918296108343167e+00
2.266888975146935881e+00
2.266753123445225171e+00
2.266753123445225171e+00
2.266530952283563938e+00
2.266530952283563938e+00
2.266530952283563938e+00
2.266530952283563938e+00
2.266100782362295618e+00
2.266100782362295618e+00
2.265989433676452336e+00
2.265989433676452336e+00
2.265750842073469329e+00
2.264376972295850887e+00
2.264376972295850887e+00
2.264376972295850887e+00
2.262036191310045741e+00
2.262036191310045741e+00
2.261515655459289675e+00
2.261515655459289675e+00
2.261515655459289675e+00
2.261515655459289675e+00
2.261515655459289675e+00
2.261515655459289675e+00
