2.340633429998425072e+03
2.228787893885913945e+03
2.102068863187339048e+03
2.019538736774357858e+03
1.942022085296270006e+03
1.867660848331492161e+03
1.764151784284349560e+03
1.683795690907224980e+03
1.601898072842192505e+03
1.549494087377710457e+03
1.505157588965557125e+03
1.460404665188294302e+03
1.418403436832529223e+03
1.376500846043735010e+03
1.340719559012319905e+03
1.322200975005861210e+03
1.301155641214562365e+03
1.266087535822581458e+03
1.240391780518226597e+03
1.211037432870803741e+03
1.190884152712719242e+03
1.174467924485081312e+03
1.160519233271957773e+03
1.154865196329013997e+03
1.131943820553445676e+03
1.120051400454319264e+03
1.105878499952386846e+03
1.097958961772179464e+03
1.095828234466173626e+03
1.090732837840589355e+03
1.087655394867714449e+03
1.085810529604350904e+03
1.082645977043003086e+03
1.080508409793360897e+03
1.073905700395723443e+03
1.069074707808417770e+03
1.065351287121346331e+03
1.064189214809180157e+03
1.060998292743194497e+03
1.057822674964227872e+03
1.051759709349621744e+03
1.047709785520578862e+03
1.046082943184031137e+03
1.044808522122448949e+03
1.042590633923006180e+03
1.041669316507808617e+03
1.041046195212112252e+03
1.039348932163341715e+03
1.038440718353015882e+03
1.036940642836371580e+03
1.036354131665038267e+03
1.033698662643385660e+03
1.032501858923196323e+03
1.031458013116772690e+03
1.030229369202001180e+03
1.027298638538485648e+03
1.025832830902896376e+03
1.024619333554647710e+03
1.024385860238947089e+03
1.023607966930647422e+03
1.023016222710951183e+03
1.022476300378318228e+03
1.022476300378318228e+03
1.022079743217753162e+03
1.021020257714952663e+03
1.020661688824341923e+03
1.020519399494988306e+03
1.019353294263803377e+03
1.017941112831983446e+03
1.017941112831983446e+03
1.017724181503324303e+03
1.017724181503324303e+03
1.017429987874193102e+03
1.017366232414765818e+03
1.017151873683366603e+03
1.017101562992021741e+03
1.015780873269573021e+03
1.014160532333056381e+03
1.014160532333056381e+03
1.013797491716158333e+03
1.013531563134609883e+03
1.013369167111969091e+03
1.013223163747465492e+03
1.013223163747465492e+03
1.013223163747465492e+03
1.013223163747465492e+03
1.012174332449519852e+03
1.011408557463373654e+03
1.011123473539177553e+03
1.011123473539177553e+03
1.011123473539177553e+03
1.010813904498694910e+03
1.010592869564947591e+03
1.009969074892856838e+03
1.009474151674794143e+03
1.008860222814918757e+03
1.008860222814918757e+03
1.007514123672255664e+03
1.007040678711224814e+03
1.006890997519644770e+03
1.006543275874741539e+03
1.006543275874741539e+03
1.006543275874741539e+03
1.006543275874741539e+03
1.005629871677945403e+03
1.005195076149396755e+03
1.004657166477581768e+03
1.004620169452230584e+03
1.004620169452230584e+03
1.004380980445573073e+03
1.004380980445573073e+03
1.004105464599968968e+03
1.003496916652261007e+03
1.002837198252614485e+03
1.002837198252614485e+03
1.002837198252614485e+03
1.002707402185080127e+03
1.002707402185080127e+03
1.002567202946168891e+03
1.002173155047619503e+03
1.001993167445086442e+03
1.001993167445086669e+03
1.001993167445086669e+03
1.001921623155958855e+03
1.001530425144209062e+03
1.001530425144209062e+03
1.001530425144209062e+03
1.001530425144209062e+03
1.001466490747595344e+03
1.001458505581964232e+03
1.001458505581964232e+03
1.000944501821111771e+03
1.000810626941165879e+03
1.000126678721075336e+03
9.994604658350426689e+02
9.987139912661725702e+02
9.987139912661725702e+02
9.982849082171659347e+02
9.982849082171659347e+02
9.973191133196166902e+02
9.973191133196166902e+02
9.973191133196166902e+02
9.973191133196166902e+02
9.973191133196166902e+02
9.973191133196164628e+02
9.973191133196166902e+02
9.973191133196166902e+02
9.968191999796653135e+02
9.964136963109069711e+02
9.960386301780201848e+02
9.959144908144508008e+02
9.959144908144508008e+02
9.957043167171975711e+02
9.950717440195727477e+02
9.950717440195727477e+02
9.950717440195727477e+02
9.950717440195727477e+02
9.950717440195727477e+02
9.950717440195727477e+02
9.950717440195727477e+02
9.950717440195727477e+02
9.950717440195727477e+02
9.950717440195727477e+02
9.947061360772557919e+02
9.947061360772557919e+02
9.947061360772557919e+02
9.942311571845351637e+02
9.942311571845351637e+02
9.942147960036593304e+02
9.942147960036593304e+02
9.942147960036593304e+02
9.942147960036593304e+02
9.939709130833550716e+02
9.939113006871550624e+02
9.936655349333930189e+02
9.936655349333930189e+02
9.935968521261620481e+02
9.935968521261623891e+02
9.933935561698642687e+02
9.930793325484829666e+02
9.930793325484829666e+02
9.924694255320272305e+02
9.922626352265049263e+02
9.921258968056781669e+02
9.921258968056781669e+02
9.921258968056781669e+02
9.919713739689063914e+02
9.919506864829777442e+02
9.919506864829777442e+02
9.899254124251730218e+02
9.899254124251730218e+02
9.897414450230010061e+02
9.888862436453745204e+02
9.888862436453745204e+02
9.879936421108811828e+02
9.879936421108811828e+02
9.877163239576900651e+02
9.877163239576900651e+02
9.877163239576900651e+02
9.871881268970264500e+02
9.871881268970264500e+02
9.869220324489955374e+02
9.867572764285923768e+02
9.867572764285923768e+02
9.866849827985619186e+02
9.852763272865445288e+02
9.852763272865445288e+02
9.850428365192880165e+02
9.849115420740141644e+02
9.849115420740141644e+02
9.849115420740141644e+02
9.839284102015808458e+02
9.839284102015808458e+02
9.839284102015808458e+02
9.839284102015808458e+02
9.837253179273413934e+02
9.830609337695395880e+02
9.830148802580105212e+02
9.828098086471433135e+02
9.828098086471433135e+02
9.828098086471433135e+02
9.827774259337742251e+02
9.827774259337742251e+02
9.824905955549648979e+02
9.824905955549648979e+02
9.817913516338853697e+02
9.816931052000459204e+02
9.816727892629746748e+02
9.816727892629746748e+02
9.816727892629746748e+02
9.811940418517051512e+02
9.811940418517051512e+02
9.811880511827775990e+02
9.811880511827775990e+02
9.811880511827775990e+02
9.811880511827775990e+02
9.811880511827775990e+02
9.808296701178672947e+02
9.803867168101572815e+02
9.803867168101572815e+02
9.800052407176068527e+02
9.799260470327794792e+02
9.798683206920369457e+02
9.798013298682860750e+02
9.798013298682860750e+02
9.797505522917927010e+02
9.795867825541505454e+02
9.795679117168768926e+02
9.795679117168768926e+02
9.795679117168768926e+02
9.795679117168768926e+02
9.795679117168768926e+02
9.791430671828813956e+02
9.791430671828813956e+02
9.788847597282606330e+02
9.788847597282606330e+02
9.787790668893770771e+02
9.786715446922368074e+02
9.784738344329180109e+02
9.784738344329180109e+02
9.784738344329180109e+02
9.777045728273934628e+02
9.777045728273934628e+02
9.772486504323080680e+02
9.769507011966904884e+02
9.769507011966904884e+02
9.767468924295698116e+02
9.767468924295698116e+02
9.767468924295698116e+02
9.766349807593023797e+02
9.763845964117734866e+02
9.763845964117734866e+02
9.763845964117734866e+02
9.763845964117734866e+02
9.762606217049647057e+02
9.762378757433779128e+02
9.762378757433779128e+02
9.759696948191962065e+02
9.759696948191962065e+02
9.759508088929126188e+02
9.759508088929126188e+02
9.758940963569085625e+02
9.757836470236259174e+02
9.757836470236259174e+02
9.757363599824503808e+02
9.757363599824503808e+02
9.757363599824503808e+02
9.757363599824503808e+02
9.757363599824503808e+02
9.757363599824503808e+02
9.754717027967286640e+02
9.754717027967286640e+02
9.754717027967286640e+02
9.754330737273091927e+02
9.754330737273091927e+02
9.754330737273091927e+02
9.754330737273091927e+02
9.754330737273091927e+02
9.754330737273091927e+02
9.754330737273091927e+02
9.754330737273091927e+02
9.754330737273091927e+02
9.750509576360324218e+02
9.746136054388196044e+02
9.745791958180622032e+02
9.741357265306112367e+02
9.741357265306112367e+02
9.729715255412689885e+02
9.729715255412689885e+02
9.729715255412689885e+02
9.729715255412689885e+02
9.727585410726372857e+02
9.727585410726372857e+02
9.726536479629512542e+02
9.726536479629512542e+02
9.726536479629512542e+02
9.726536479629512542e+02
9.723711115528218443e+02
9.723711115528218443e+02
9.723711115528218443e+02
9.723711115528218443e+02
9.723711115528218443e+02
9.723711115528218443e+02
9.719578370333775865e+02
9.719578370333775865e+02
9.719578370333775865e+02
9.717190805533100502e+02
9.717190805533100502e+02
9.717190805533100502e+02
9.717190805533100502e+02
9.716002413097415911e+02
9.716002413097414774e+02
9.716002413097415911e+02
9.716002413097415911e+02
9.714389860803336205e+02
9.714389860803336205e+02
9.714389860803336205e+02
9.714389860803336205e+02
9.714389860803336205e+02
9.714389860803336205e+02
9.714389860803336205e+02
9.714389860803336205e+02
9.714389860803336205e+02
9.714389860803336205e+02
9.714389860803336205e+02
9.714389860803336205e+02
9.712387757398580561e+02
9.712387757398580561e+02
9.712387757398580561e+02
9.712387757398580561e+02
9.712387757398580561e+02
9.712387757398580561e+02
9.711542356528293567e+02
9.711542356528293567e+02
9.711542356528293567e+02
9.711542356528293567e+02
9.711542356528293567e+02
9.711542356528293567e+02
9.711542356528293567e+02
9.711542356528294704e+02
9.711542356528293567e+02
9.711542356528293567e+02
9.711542356528293567e+02
9.711542356528293567e+02
9.709170850528875008e+02
9.709077250393964960e+02
9.709077250393964960e+02
9.708340249711695833e+02
9.706261723173929568e+02
9.702029494107869141e+02
9.702029494107869141e+02
9.702029494107869141e+02
9.702029494107869141e+02
9.702029494107869141e+02
9.702029494107869141e+02
9.702029494107869141e+02
9.702029494107869141e+02
9.702029494107869141e+02
9.702029494107869141e+02
9.702029494107869141e+02
9.702029494107869141e+02
9.702029494107869141e+02
9.702029494107869141e+02
9.699903264135650716e+02
9.699818016719900697e+02
9.699818016719900697e+02
9.699818016719900697e+02
9.699818016719900697e+02
9.699818016719900697e+02
9.699818016719900697e+02
9.699818016719900697e+02
9.699818016719901834e+02
9.699818016719900697e+02
9.699818016719900697e+02
9.699160081715244814e+02
9.697295965646566174e+02
9.697295965646566174e+02
9.697295965646566174e+02
9.696094250292297829e+02
9.696094250292297829e+02
9.696094250292297829e+02
9.696094250292297829e+02
9.696094250292297829e+02
9.695166907336860049e+02
9.695166907336860049e+02
9.695166907336860049e+02
9.695166907336860049e+02
9.695166907336860049e+02
9.695166907336860049e+02
9.693424900411974932e+02
9.693424900411976068e+02
9.693056464567735020e+02
9.693056464567735020e+02
9.693056464567735020e+02
9.693056464567735020e+02
9.693056464567735020e+02
9.693056464567735020e+02
9.693056464567735020e+02
9.693056464567735020e+02
9.692268837195189235e+02
9.692268837195189235e+02
9.692268837195189235e+02
9.692268837195189235e+02
9.692268837195189235e+02
9.692268837195189235e+02
9.687657287314802943e+02
9.687657287314802943e+02
9.687657287314802943e+02
9.687657287314802943e+02
9.687657287314802943e+02
9.687657287314802943e+02
9.687657287314802943e+02
9.687657287314802943e+02
9.687657287314802943e+02
9.687657287314802943e+02
9.687657287314802943e+02
9.687657287314802943e+02
9.687657287314802943e+02
9.687657287314802943e+02
9.687657287314802943e+02
9.686786811302825981e+02
9.686786811302825981e+02
9.686786811302825981e+02
9.686786811302825981e+02
9.685269384244945741e+02
9.685269384244945741e+02
9.685269384244945741e+02
9.685269384244945741e+02
9.685269384244945741e+02
9.685269384244945741e+02
9.685269384244945741e+02
9.685269384244945741e+02
9.685269384244945741e+02
9.685269384244945741e+02
9.685269384244945741e+02
9.683807399549759793e+02
9.683807399549759793e+02
9.683807399549759793e+02
9.683807399549759793e+02
9.682600942257605539e+02
9.682600942257605539e+02
9.682600942257605539e+02
9.682600942257605539e+02
9.682600942257605539e+02
9.682600942257605539e+02
9.682600942257605539e+02
9.682600942257605539e+02
9.682600942257605539e+02
9.682600942257605539e+02
9.682600942257605539e+02
9.682600942257605539e+02
9.682600942257605539e+02
9.682600942257605539e+02
9.682600942257605539e+02
9.682600942257605539e+02
9.682600942257605539e+02
9.682600942257605539e+02
9.682600942257605539e+02
9.682600942257605539e+02
9.682600942257605539e+02
9.682600942257605539e+02
9.682600942257605539e+02
9.679652880748428743e+02
9.679652880748428743e+02
9.679652880748428743e+02
9.678243728546337934e+02
9.678243728546337934e+02
9.678243728546337934e+02
9.678243728546337934e+02
9.678243728546337934e+02
9.678018656525454162e+02
9.678018656525454162e+02
9.678018656525454162e+02
9.678018656525454162e+02
9.674394394634155105e+02
9.674394394634155105e+02
9.674394394634155105e+02
9.674394394634155105e+02
9.674394394634155105e+02
9.674394394634155105e+02
9.674394394634155105e+02
9.674394394634155105e+02
9.674394394634155105e+02
9.674394394634155105e+02
9.674394394634155105e+02
9.674394394634155105e+02
9.674394394634155105e+02
9.674394394634155105e+02
9.674394394634155105e+02
9.674394394634155105e+02
9.674394394634155105e+02
9.674394394634155105e+02
9.674394394634155105e+02
9.674394394634155105e+02
9.674394394634155105e+02
9.673616983372866116e+02
9.673616983372866116e+02
9.673616983372866116e+02
9.673616983372866116e+02
9.673616983372866116e+02
9.673616983372866116e+02
9.673616983372866116e+02
9.673616983372866116e+02
9.673616983372866116e+02
9.673616983372866116e+02
9.673616983372866116e+02
9.673616983372866116e+02
9.673616983372866116e+02
9.673616983372866116e+02
9.671263891701789817e+02
9.671263891701789817e+02
9.671263891701789817e+02
9.671263891701789817e+02
9.671263891701789817e+02
9.671263891701789817e+02
9.671263891701789817e+02
9.671263891701789817e+02
9.671263891701789817e+02
9.671263891701789817e+02
9.671263891701789817e+02
9.671263891701786406e+02
9.671263891701789817e+02
9.671263891701789817e+02
9.671263891701789817e+02
9.671263891701789817e+02
9.671263891701789817e+02
9.671263891701789817e+02
9.671263891701789817e+02
9.671263891701789817e+02
9.671263891701789817e+02
9.671263891701789817e+02
9.671263891701789817e+02
9.671263891701786406e+02
9.671263891701789817e+02
9.671263891701789817e+02
9.671263891701789817e+02
9.671263891701789817e+02
9.671263891701789817e+02
9.671263891701789817e+02
9.671263891701786406e+02
9.671263891701786406e+02
9.665340004472499231e+02
9.665340004472499231e+02
9.665340004472499231e+02
9.665340004472499231e+02
9.665340004472499231e+02
9.665340004472499231e+02
9.665340004472499231e+02
9.665340004472499231e+02
9.665340004472499231e+02
9.664989515812657146e+02
9.662532126252712033e+02
9.662532126252712033e+02
9.662532126252712033e+02
9.662532126252712033e+02
9.659948620738495038e+02
9.659948620738495038e+02
9.659948620738495038e+02
9.659618768843384942e+02
9.659618768843384942e+02
9.659618768843384942e+02
9.657513861909146726e+02
9.657513861909146726e+02
9.657513861909146726e+02
9.657513861909146726e+02
9.657513861909146726e+02
9.657513861909146726e+02
9.657513861909146726e+02
9.657513861909146726e+02
9.657513861909146726e+02
9.657513861909146726e+02
9.657513861909146726e+02
9.657513861909146726e+02
9.656666045355663073e+02
9.655933671217088659e+02
9.655933671217088659e+02
9.655933671217088659e+02
9.655933671217088659e+02
9.655933671217088659e+02
9.655933671217088659e+02
9.655933671217088659e+02
9.655933671217088659e+02
9.655933671217088659e+02
9.655933671217088659e+02
9.655933671217088659e+02
9.655363299539228592e+02
9.652451973634390470e+02
9.652451973634390470e+02
9.652451973634390470e+02
9.652451973634390470e+02
9.652451973634390470e+02
9.652451973634390470e+02
9.652451973634390470e+02
9.652451973634390470e+02
9.652451973634390470e+02
9.649064079872093771e+02
9.649064079872093771e+02
9.646790703568916570e+02
9.646790703568916570e+02
9.646790703568916570e+02
9.644910932049533585e+02
9.644910932049533585e+02
9.644910932049533585e+02
9.644910932049533585e+02
9.644910932049533585e+02
9.644910932049533585e+02
9.644910932049533585e+02
9.644910932049533585e+02
9.644910932049533585e+02
9.644910932049533585e+02
9.644910932049533585e+02
9.644910932049533585e+02
9.644910932049533585e+02
9.644910932049533585e+02
9.644319889976288778e+02
9.644319889976288778e+02
9.644319889976288778e+02
9.643845845736467481e+02
9.643845845736467481e+02
9.643845845736467481e+02
9.640610313816697499e+02
9.637867931639772223e+02
9.634673536776014089e+02
9.634673536776014089e+02
9.634673536776014089e+02
9.634673536776014089e+02
9.634673536776014089e+02
9.634673536776014089e+02
9.634673536776014089e+02
9.634673536776014089e+02
9.634264047601398033e+02
9.634264047601398033e+02
9.634264047601398033e+02
9.634264047601398033e+02
9.634264047601398033e+02
9.634264047601398033e+02
9.634264047601398033e+02
9.634264047601398033e+02
9.634264047601398033e+02
9.634264047601398033e+02
9.632354050959478400e+02
9.632354050959478400e+02
9.632354050959478400e+02
9.632354050959478400e+02
9.632354050959478400e+02
9.631475668115181179e+02
9.631475668115181179e+02
9.631475668115181179e+02
9.631475668115181179e+02
9.631475668115181179e+02
9.631475668115181179e+02
9.631475668115181179e+02
9.631475668115181179e+02
9.631475668115181179e+02
9.631475668115181179e+02
9.631475668115181179e+02
9.631475668115181179e+02
9.631475668115181179e+02
9.631475668115181179e+02
9.631475668115181179e+02
9.631475668115181179e+02
9.630606255589826787e+02
9.630606255589826787e+02
9.629696851218617439e+02
9.629696851218617439e+02
9.629696851218617439e+02
9.629696851218617439e+02
9.629696851218617439e+02
9.629696851218617439e+02
9.629696851218617439e+02
9.629696851218617439e+02
9.629348988298565928e+02
9.629348988298565928e+02
9.629348988298565928e+02
9.629348988298565928e+02
9.629348988298565928e+02
9.629348988298565928e+02
9.629348988298565928e+02
9.629348988298565928e+02
9.629348988298565928e+02
9.629348988298565928e+02
9.629348988298565928e+02
9.629348988298565928e+02
9.629348988298565928e+02
9.629348988298565928e+02
9.629348988298565928e+02
9.629348988298565928e+02
9.629348988298562517e+02
9.629348988298565928e+02
9.629348988298565928e+02
9.629348988298565928e+02
9.629348988298565928e+02
9.629348988298565928e+02
9.629348988298565928e+02
9.629348988298565928e+02
9.629348988298565928e+02
9.629348988298565928e+02
9.629348988298565928e+02
9.629348988298565928e+02
9.629348988298565928e+02
9.629348988298565928e+02
9.629348988298565928e+02
9.629348988298565928e+02
9.629348988298565928e+02
9.627252095283567996e+02
9.626173029366842684e+02
9.626173029366842684e+02
9.626173029366842684e+02
9.626173029366842684e+02
9.626173029366842684e+02
9.626173029366842684e+02
9.626173029366842684e+02
9.626173029366842684e+02
9.626173029366842684e+02
9.626173029366842684e+02
9.626173029366842684e+02
9.626173029366842684e+02
9.626173029366842684e+02
9.626173029366842684e+02
9.626173029366842684e+02
9.626173029366842684e+02
9.626173029366842684e+02
9.626173029366842684e+02
9.626173029366842684e+02
9.626173029366842684e+02
9.625583270799262436e+02
9.625583270799262436e+02
9.625583270799262436e+02
9.625583270799262436e+02
9.625583270799262436e+02
9.625583270799262436e+02
9.625583270799262436e+02
9.624532095521111614e+02
9.624532095521111614e+02
9.624532095521111614e+02
9.624532095521111614e+02
9.624532095521111614e+02
9.624532095521111614e+02
9.624532095521111614e+02
9.624532095521111614e+02
9.624532095521111614e+02
9.624532095521111614e+02
9.624532095521111614e+02
9.623827754675692177e+02
9.623827754675692177e+02
9.620402439441767228e+02
9.620402439441767228e+02
9.620402439441767228e+02
9.620402439441767228e+02
9.620402439441767228e+02
9.620402439441767228e+02
9.620402439441767228e+02
9.620402439441767228e+02
9.620402439441767228e+02
9.620402439441767228e+02
9.620402439441767228e+02
9.620402439441767228e+02
9.620402439441767228e+02
9.620402439441767228e+02
9.620402439441767228e+02
9.620402439441767228e+02
9.620402439441767228e+02
9.620402439441767228e+02
9.619313674261458118e+02
9.619313674261458118e+02
9.619313674261458118e+02
9.619313674261458118e+02
9.619313674261458118e+02
9.619313674261458118e+02
9.619313674261458118e+02
9.619313674261458118e+02
9.619313674261458118e+02
9.619313674261458118e+02
9.619313674261458118e+02
9.619313674261458118e+02
9.619313674261458118e+02
9.619313674261458118e+02
9.619313674261458118e+02
9.619313674261458118e+02
9.619313674261458118e+02
9.619313674261458118e+02
9.619313674261458118e+02
9.618909498750771263e+02
9.618909498750771263e+02
9.618909498750771263e+02
9.618909498750771263e+02
9.618909498750771263e+02
9.618909498750771263e+02
9.618909498750771263e+02
9.618909498750771263e+02
9.618909498750771263e+02
9.618909498750771263e+02
9.618909498750771263e+02
9.618909498750771263e+02
9.618909498750771263e+02
9.618909498750771263e+02
9.618909498750771263e+02
9.618909498750771263e+02
9.618909498750771263e+02
9.618909498750771263e+02
9.618909498750771263e+02
9.618909498750771263e+02
9.618909498750771263e+02
9.618549754699835148e+02
9.618549754699835148e+02
9.618549754699835148e+02
9.618549754699835148e+02
9.618549754699835148e+02
9.618549754699835148e+02
9.618549754699835148e+02
9.618549754699835148e+02
9.618549754699835148e+02
9.618549754699835148e+02
9.618549754699835148e+02
9.618549754699835148e+02
9.618549754699835148e+02
9.618549754699835148e+02
9.618549754699835148e+02
9.618549754699835148e+02
9.618549754699835148e+02
9.618549754699835148e+02
9.618549754699835148e+02
9.618549754699835148e+02
9.618549754699835148e+02
9.618549754699835148e+02
9.618549754699835148e+02
9.618549754699835148e+02
9.618549754699835148e+02
9.618549754699835148e+02
9.618549754699835148e+02
9.618549754699835148e+02
9.618549754699835148e+02
9.618549754699835148e+02
9.618549754699835148e+02
9.618549754699835148e+02
9.618549754699835148e+02
9.618549754699835148e+02
9.618549754699835148e+02
9.618549754699835148e+02
9.618549754699835148e+02
9.618549754699835148e+02
9.618549754699835148e+02
9.618549754699835148e+02
9.618549754699835148e+02
9.618549754699835148e+02
9.618549754699835148e+02
9.618549754699835148e+02
9.618549754699835148e+02
9.618549754699835148e+02
9.617576969934528961e+02
9.617576969934528961e+02
9.617576969934528961e+02
9.617576969934528961e+02
9.617576969934528961e+02
9.617576969934528961e+02
9.617576969934528961e+02
9.617576969934528961e+02
9.617576969934528961e+02
9.617576969934528961e+02
9.617576969934528961e+02
9.617576969934528961e+02
9.617576969934528961e+02
9.617576969934528961e+02
9.617576969934528961e+02
9.616428877468882774e+02
9.616428877468882774e+02
9.616428877468882774e+02
9.616428877468882774e+02
9.616428877468882774e+02
9.616428877468882774e+02
9.616428877468882774e+02
9.616151272441278479e+02
9.616151272441278479e+02
9.616151272441278479e+02
9.616151272441278479e+02
9.616151272441278479e+02
9.613837421998584887e+02
9.613837421998584887e+02
9.613837421998584887e+02
9.613837421998584887e+02
9.611600093634198174e+02
9.611600093634198174e+02
9.611600093634198174e+02
9.611600093634198174e+02
9.611600093634198174e+02
9.611600093634198174e+02
9.611600093634198174e+02
9.611600093634198174e+02
9.611600093634198174e+02
9.610106748501930269e+02
9.610106748501930269e+02
9.610106748501930269e+02
9.610106748501930269e+02
9.610106748501930269e+02
9.610106748501930269e+02
9.610106748501930269e+02
9.610106748501930269e+02
9.610106748501930269e+02
9.610106748501930269e+02
9.610106748501930269e+02
9.610106748501930269e+02
9.610106748501930269e+02
9.610106748501930269e+02
9.610106748501930269e+02
9.610106748501930269e+02
9.610106748501930269e+02
9.610106748501930269e+02
9.610106748501930269e+02
9.610106748501930269e+02
9.610106748501930269e+02
9.610106748501930269e+02
9.610106748501930269e+02
9.610106748501930269e+02
9.610106748501930269e+02
9.610106748501930269e+02
9.610106748501930269e+02
9.610106748501930269e+02
9.610106748501930269e+02
9.610106748501930269e+02
9.610106748501930269e+02
9.610106748501930269e+02
9.610106748501930269e+02
9.609335855432281051e+02
9.609335855432281051e+02
9.609335855432281051e+02
9.609335855432281051e+02
9.609335855432281051e+02
9.609335855432281051e+02
9.609335855432281051e+02
9.609335855432281051e+02
9.609335855432281051e+02
9.609335855432281051e+02
9.609335855432281051e+02
9.609335855432281051e+02
9.609335855432281051e+02
9.609335855432278777e+02
9.609335855432278777e+02
9.609335855432281051e+02
9.609335855432281051e+02
9.609335855432281051e+02
9.609335855432281051e+02
9.609335855432281051e+02
9.609335855432281051e+02
9.609272080493750536e+02
9.609272080493750536e+02
9.609272080493747126e+02
9.609272080493750536e+02
9.609272080493750536e+02
9.609272080493750536e+02
9.609272080493750536e+02
9.609272080493750536e+02
9.609272080493750536e+02
9.607374563108421626e+02
9.607374563108422763e+02
9.607374563108422763e+02
9.607374563108422763e+02
9.607374563108421626e+02
9.607374563108422763e+02
9.607374563108422763e+02
9.607374563108422763e+02
9.607374563108422763e+02
9.607374563108422763e+02
9.607374563108422763e+02
9.607374563108422763e+02
9.607374563108421626e+02
9.607374563108422763e+02
9.607374563108422763e+02
9.607374563108422763e+02
9.607374563108422763e+02
9.607374563108422763e+02
9.607374563108421626e+02
9.607374563108422763e+02
9.607374563108422763e+02
9.607374563108422763e+02
9.607374563108422763e+02
9.607374563108422763e+02
9.607374563108422763e+02
9.607374563108422763e+02
9.606230543555603845e+02
9.606230543555603845e+02
