7.233200985300308616e+01
3.999069167446300810e+01
2.586781852412626037e+01
1.455388334915202897e+01
9.309225708531290167e+00
5.639660215008182931e+00
3.927378484753068388e+00
3.033971316387768180e+00
2.036598252676524279e+00
1.392897737681691339e+00
1.056694742682987576e+00
8.499019609069088377e-01
7.070279141366413445e-01
5.324858157715697260e-01
4.069763255882644648e-01
3.337501218983178197e-01
3.117300396337307489e-01
2.965805723472898503e-01
2.785955072504471830e-01
2.302923991347133881e-01
2.278090684474805283e-01
2.230980452415420312e-01
2.206165771379649809e-01
2.193274804336267925e-01
2.003168040660703586e-01
1.950790150466981121e-01
1.930597325917893237e-01
1.888579535097158202e-01
1.842521333230082436e-01
1.833241558742505217e-01
1.788291654362767213e-01
1.788291654362767213e-01
1.758407687758139493e-01
1.722577568468126319e-01
1.722577568468126319e-01
1.722577568468126319e-01
1.622359431541183783e-01
1.539074204768341725e-01
1.500804302245877242e-01
1.425320979018619427e-01
1.341821351624494230e-01
1.309443053322794648e-01
1.280134346906932341e-01
1.280134346906932341e-01
1.228627254643149258e-01
1.120426935448467359e-01
1.099672676367016017e-01
1.060252570931875249e-01
8.800006091492680593e-02
8.800006091492680593e-02
8.800006091492680593e-02
8.800006091492680593e-02
8.051651423396405383e-02
8.051651423396405383e-02
8.029322247179883354e-02
7.862723838243433627e-02
7.728771760971273053e-02
7.728771760971273053e-02
7.004609032957896664e-02
6.934425001858979254e-02
6.881319618532737159e-02
6.881319618532737159e-02
6.549035233949913881e-02
6.549035233949913881e-02
6.174195444592602694e-02
6.166693861187504122e-02
6.035987657528003869e-02
5.836196539189586474e-02
5.698230568450570604e-02
5.675387772773061307e-02
5.586949845136515713e-02
5.328827474720716773e-02
5.153883120588301919e-02
5.153883120588301919e-02
5.153883120588301919e-02
5.153883120588301919e-02
5.135744794861194645e-02
4.835864279269509736e-02
4.770726053310030829e-02
4.751252308257531559e-02
4.751252308257531559e-02
4.751252308257531559e-02
4.751252308257531559e-02
4.751252308257531559e-02
4.751252308257531559e-02
4.661121410334749526e-02
4.661121410334749526e-02
4.536049313581796971e-02
4.442671582806528158e-02
4.442671582806528158e-02
4.442671582806528158e-02
4.442671582806528158e-02
4.442671582806528158e-02
4.384207573677851438e-02
4.384207573677851438e-02
4.243161845657177078e-02
4.243161845657177078e-02
4.243161845657177078e-02
4.243161845657177078e-02
4.033699470030747969e-02
4.033699470030747969e-02
4.033699470030747969e-02
4.033699470030747969e-02
4.008554246433067986e-02
4.008554246433067986e-02
3.819824530713575306e-02
3.800608775770351194e-02
3.800608775770351194e-02
3.706380764476182449e-02
3.605015642811653515e-02
3.600286255175433325e-02
3.295924606200461432e-02
3.286397422350011838e-02
3.286397422350011838e-02
3.286397422350011838e-02
3.250950169299313824e-02
3.095495018195316625e-02
3.095495018195316625e-02
3.087519763150170168e-02
3.087519763150170168e-02
3.087519763150170168e-02
3.087519763150170168e-02
3.087519763150170168e-02
3.087519763150170168e-02
3.087519763150170168e-02
3.087519763150170168e-02
3.087519763150170168e-02
3.087519763150170168e-02
2.985564234826570615e-02
2.745080774297334325e-02
2.745080774297334325e-02
2.745080774297334325e-02
2.745080774297334325e-02
2.700972576126689159e-02
2.700972576126689159e-02
2.700972576126689159e-02
2.664323146241347889e-02
2.664323146241347889e-02
2.606933361912346092e-02
2.606933361912346092e-02
2.606933361912346092e-02
2.606933361912346092e-02
2.606933361912346092e-02
2.537079519246546178e-02
2.537079519246546178e-02
2.537079519246546178e-02
2.466029010595855928e-02
2.466029010595855928e-02
2.466029010595855928e-02
2.360666630355068643e-02
2.360666630355068643e-02
2.360666630355068643e-02
2.360666630355068643e-02
2.360666630355068643e-02
2.194343868362849670e-02
2.194343868362849670e-02
2.194343868362849670e-02
2.194343868362849670e-02
2.179903093790516375e-02
2.179903093790516375e-02
2.179903093790516375e-02
2.179903093790516375e-02
2.179903093790516375e-02
2.179903093790516375e-02
2.179903093790516375e-02
2.179903093790516375e-02
2.169771237886469056e-02
2.169771237886469056e-02
2.169771237886469056e-02
2.169771237886469056e-02
2.169771237886469056e-02
2.168698695254310874e-02
2.101238390289337024e-02
2.101238390289337024e-02
2.101238390289337024e-02
2.101238390289337024e-02
2.101238390289337024e-02
2.101238390289337024e-02
2.101238390289337024e-02
2.101238390289337024e-02
2.101238390289337024e-02
2.051168037119213347e-02
2.051168037119213347e-02
2.051168037119213347e-02
2.051168037119213347e-02
2.047281095205927964e-02
2.047281095205927964e-02
2.047281095205927964e-02
1.990262342871805881e-02
1.990262342871805881e-02
1.990262342871805881e-02
1.990262342871805881e-02
1.990262342871805881e-02
1.990262342871805881e-02
1.990262342871805881e-02
1.990262342871805881e-02
1.990262342871805881e-02
1.990262342871805881e-02
1.990262342871805881e-02
1.988778629776574713e-02
1.988778629776574713e-02
1.988778629776574713e-02
1.988778629776574713e-02
1.988778629776574713e-02
1.988778629776574713e-02
1.988778629776574713e-02
1.918132535290758070e-02
1.918132535290758070e-02
1.918132535290758070e-02
1.918132535290758070e-02
1.918132535290758070e-02
1.918132535290758070e-02
1.918132535290758070e-02
1.918132535290758070e-02
1.918132535290758070e-02
1.891948784064237735e-02
1.891948784064237735e-02
1.891948784064237735e-02
1.891948784064237735e-02
1.891948784064237735e-02
1.827087746854502703e-02
1.810927780668051060e-02
1.810927780668051060e-02
1.810927780668051060e-02
1.810927780668051060e-02
1.810927780668051060e-02
1.810927780668051060e-02
1.810927780668051060e-02
1.810927780668051060e-02
1.810927780668051060e-02
1.719741656887997794e-02
1.719741656887997794e-02
1.705736881393370152e-02
1.705736881393370152e-02
1.705736881393370152e-02
1.705736881393370152e-02
1.680999588840597150e-02
1.663059003430152755e-02
1.663059003430152755e-02
1.663059003430152755e-02
1.663059003430152755e-02
1.663059003430152755e-02
1.663059003430152755e-02
1.592111236550408648e-02
1.592111236550408648e-02
1.592111236550408648e-02
1.592111236550408648e-02
1.592111236550408648e-02
1.592111236550408648e-02
1.592111236550408648e-02
1.592111236550408648e-02
1.592111236550408648e-02
1.592111236550408648e-02
1.592111236550408648e-02
1.592111236550408648e-02
1.592111236550408648e-02
1.592111236550408648e-02
1.592111236550408648e-02
1.538285799510869661e-02
1.538285799510869661e-02
1.538285799510869661e-02
1.538285799510869661e-02
1.538285799510869661e-02
1.465091404467481519e-02
1.465091404467481519e-02
1.465091404467481519e-02
1.445355446602055415e-02
1.445355446602055415e-02
1.384416482261597268e-02
1.384416482261597268e-02
1.384416482261597268e-02
1.384416482261597268e-02
1.384416482261597268e-02
1.384416482261597268e-02
1.384416482261597268e-02
1.384416482261597268e-02
1.341477252949694991e-02
1.341477252949694991e-02
1.341477252949694991e-02
1.341477252949694991e-02
1.341477252949694991e-02
1.341477252949694991e-02
1.341477252949694991e-02
1.341477252949694991e-02
1.341477252949694991e-02
1.286833041085985382e-02
1.286833041085985382e-02
1.286833041085985382e-02
1.286833041085985382e-02
1.286833041085985382e-02
1.286833041085985382e-02
1.286833041085985382e-02
1.286833041085985382e-02
1.278677107574162190e-02
1.278677107574162190e-02
1.278677107574162190e-02
1.278677107574162190e-02
1.278677107574162190e-02
1.278677107574162190e-02
1.269551796570019160e-02
1.269551796570019160e-02
1.255419726420073205e-02
1.255419726420073205e-02
1.243638982780384192e-02
1.243638982780384192e-02
1.243638982780384192e-02
1.243638982780384192e-02
1.243638982780384192e-02
1.243638982780384192e-02
1.243638982780384192e-02
1.243638982780384192e-02
1.243638982780384192e-02
1.243638982780384192e-02
1.243638982780384192e-02
1.243638982780384192e-02
1.243638982780384192e-02
1.242113999413219268e-02
1.242113999413219268e-02
1.242113999413219268e-02
1.242113999413219268e-02
1.242113999413219268e-02
1.242113999413219268e-02
1.242113999413219268e-02
1.242113999413219268e-02
1.242113999413219268e-02
1.242113999413219268e-02
1.242113999413219268e-02
1.242113999413219268e-02
1.242113999413219268e-02
1.242113999413219268e-02
1.242113999413219268e-02
1.225818695932092903e-02
1.225818695932092903e-02
1.225818695932092903e-02
1.225818695932092903e-02
1.225818695932092903e-02
1.225818695932092903e-02
1.225818695932092903e-02
1.222980439929504531e-02
1.222980439929504531e-02
1.210572489352064983e-02
1.210572489352064983e-02
1.196694391715294979e-02
1.196694391715294979e-02
1.196694391715294979e-02
1.196694391715294979e-02
1.196694391715294979e-02
1.196694391715294979e-02
1.196694391715294979e-02
1.196694391715294979e-02
1.196694391715294979e-02
1.134258302792712919e-02
1.101537090538858704e-02
1.062992016238026478e-02
1.062992016238026478e-02
1.062992016238026478e-02
1.062992016238026478e-02
1.062992016238026478e-02
1.062992016238026478e-02
1.062992016238026478e-02
1.062992016238026478e-02
1.062992016238026478e-02
1.062992016238026478e-02
1.062992016238026478e-02
1.062992016238026478e-02
1.062992016238026478e-02
1.029644712399007712e-02
1.029644712399007712e-02
1.029644712399007712e-02
1.029644712399007712e-02
1.029644712399007712e-02
1.029644712399007712e-02
1.029644712399007712e-02
1.029644712399007712e-02
1.029644712399007712e-02
1.029644712399007712e-02
1.029644712399007712e-02
1.029644712399007712e-02
1.029644712399007712e-02
1.029644712399007712e-02
1.029644712399007712e-02
1.029644712399007712e-02
1.029644712399007712e-02
1.029644712399007712e-02
1.029644712399007712e-02
1.029644712399007712e-02
1.029644712399007712e-02
1.029644712399007712e-02
1.024962662950870511e-02
1.024962662950870511e-02
1.015296213009989068e-02
1.015296213009989068e-02
1.015296213009989068e-02
1.015296213009989068e-02
1.015296213009989068e-02
1.015296213009989068e-02
1.015296213009989068e-02
1.015296213009989068e-02
9.954317225713245690e-03
9.954317225713245690e-03
9.954317225713245690e-03
9.954317225713245690e-03
9.954317225713245690e-03
9.954317225713245690e-03
9.722398348393581496e-03
9.722398348393581496e-03
9.722398348393581496e-03
9.722398348393581496e-03
9.722398348393581496e-03
9.722398348393581496e-03
9.722398348393581496e-03
9.722398348393581496e-03
9.722398348393581496e-03
9.722398348393581496e-03
9.722398348393581496e-03
9.722398348393581496e-03
9.722398348393581496e-03
9.722398348393581496e-03
9.722398348393581496e-03
9.582894115856017275e-03
9.582894115856017275e-03
9.582894115856017275e-03
9.582894115856017275e-03
9.582894115856017275e-03
8.752828099964776731e-03
8.752828099964776731e-03
8.752828099964776731e-03
8.752828099964776731e-03
8.752828099964776731e-03
8.752828099964776731e-03
8.752828099964776731e-03
8.752828099964776731e-03
8.752828099964776731e-03
8.752828099964776731e-03
8.752828099964776731e-03
8.752828099964776731e-03
8.752828099964776731e-03
8.752828099964776731e-03
8.752828099964776731e-03
8.752828099964776731e-03
8.752828099964776731e-03
8.752828099964776731e-03
8.752828099964776731e-03
8.752828099964776731e-03
8.752828099964776731e-03
8.752828099964776731e-03
8.752828099964776731e-03
8.310667202974899789e-03
8.266203847343230049e-03
8.266203847343230049e-03
8.266203847343230049e-03
8.194833103824053847e-03
8.194833103824053847e-03
8.194833103824053847e-03
8.194833103824053847e-03
8.194833103824053847e-03
8.194833103824053847e-03
8.194833103824053847e-03
8.194833103824053847e-03
8.194833103824053847e-03
8.194833103824053847e-03
8.194833103824053847e-03
8.194833103824053847e-03
8.194833103824053847e-03
8.194833103824053847e-03
8.194833103824053847e-03
8.194833103824053847e-03
8.194833103824053847e-03
8.194833103824053847e-03
8.194833103824053847e-03
8.194833103824053847e-03
8.194833103824053847e-03
8.194833103824053847e-03
8.194833103824053847e-03
8.194833103824053847e-03
8.194833103824053847e-03
8.194833103824053847e-03
8.194833103824053847e-03
8.194833103824053847e-03
8.194833103824053847e-03
8.194833103824053847e-03
8.194833103824053847e-03
8.194833103824053847e-03
8.194833103824053847e-03
7.946118015471417828e-03
7.946118015471417828e-03
7.946118015471417828e-03
7.946118015471417828e-03
7.946118015471417828e-03
7.946118015471417828e-03
7.946118015471417828e-03
7.946118015471417828e-03
7.946118015471417828e-03
7.946118015471417828e-03
7.608631607496921072e-03
7.608631607496921072e-03
7.608631607496921072e-03
7.608631607496921072e-03
7.608631607496921072e-03
7.608631607496921072e-03
7.608631607496921072e-03
7.608631607496921072e-03
7.608631607496921072e-03
7.608631607496921072e-03
7.608631607496921072e-03
7.608631607496921072e-03
7.608631607496921072e-03
7.608631607496921072e-03
7.608631607496921072e-03
7.608631607496921072e-03
7.608631607496921072e-03
7.608631607496921072e-03
7.608631607496921072e-03
7.608631607496921072e-03
7.608631607496921072e-03
7.608631607496921072e-03
7.608631607496921072e-03
7.608631607496921072e-03
7.608631607496921072e-03
7.608631607496921072e-03
7.608631607496921072e-03
7.608631607496921072e-03
7.608631607496921072e-03
7.608631607496921072e-03
7.608631607496921072e-03
7.608631607496921072e-03
7.608631607496921072e-03
7.608631607496921072e-03
7.520257891096483738e-03
7.520257891096483738e-03
7.520257891096483738e-03
7.520257891096483738e-03
7.520257891096483738e-03
7.520257891096483738e-03
7.520257891096483738e-03
7.520257891096483738e-03
7.364264683418446540e-03
7.294194603515261575e-03
7.294194603515261575e-03
7.294194603515261575e-03
7.294194603515261575e-03
7.294194603515261575e-03
7.294194603515261575e-03
7.294194603515261575e-03
7.294194603515261575e-03
7.294194603515261575e-03
7.294194603515261575e-03
7.294194603515261575e-03
7.294194603515261575e-03
7.294194603515261575e-03
7.294194603515261575e-03
7.294194603515261575e-03
7.294194603515261575e-03
7.294194603515261575e-03
7.294194603515261575e-03
7.294194603515261575e-03
7.294194603515261575e-03
7.294194603515261575e-03
7.294194603515261575e-03
6.846077347970594071e-03
6.846077347970594071e-03
6.846077347970594071e-03
6.846077347970594071e-03
6.846077347970594071e-03
6.846077347970594071e-03
6.846077347970594071e-03
6.846077347970594071e-03
6.846077347970594071e-03
6.602486569778086116e-03
6.602486569778086116e-03
6.602486569778086116e-03
6.602486569778086116e-03
6.602486569778086116e-03
6.602486569778086116e-03
6.602486569778086116e-03
6.602486569778086116e-03
6.602486569778086116e-03
6.602486569778086116e-03
6.602486569778086116e-03
6.602486569778086116e-03
6.602486569778086116e-03
6.602486569778086116e-03
6.602486569778086116e-03
6.602486569778086116e-03
6.602486569778086116e-03
6.602486569778086116e-03
6.602486569778086116e-03
6.602486569778086116e-03
6.602486569778086116e-03
6.602486569778086116e-03
6.602486569778086116e-03
6.602486569778086116e-03
6.602486569778086116e-03
6.602486569778086116e-03
6.602486569778086116e-03
6.602486569778086116e-03
6.602486569778086116e-03
6.602486569778086116e-03
6.404287968966766026e-03
6.404287968966766026e-03
6.404287968966766026e-03
6.404287968966766026e-03
6.404287968966766026e-03
6.404287968966766026e-03
6.404287968966766026e-03
6.404287968966766026e-03
6.404287968966766026e-03
6.404287968966766026e-03
6.404287968966766026e-03
6.404287968966766026e-03
6.404287968966766026e-03
6.404287968966766026e-03
6.404287968966766026e-03
6.404287968966766026e-03
6.404287968966766026e-03
6.404287968966766026e-03
6.404287968966766026e-03
6.404287968966766026e-03
6.399607823395318806e-03
6.399607823395318806e-03
6.399607823395318806e-03
6.399607823395318806e-03
6.399607823395318806e-03
6.399607823395318806e-03
6.399607823395318806e-03
6.399607823395318806e-03
6.396305488001595430e-03
6.396305488001595430e-03
6.396305488001595430e-03
6.396305488001595430e-03
6.396305488001595430e-03
6.396305488001595430e-03
6.396305488001595430e-03
6.396305488001595430e-03
6.396305488001595430e-03
6.396305488001595430e-03
6.358330731736001364e-03
5.913057215834401775e-03
5.816438590816723833e-03
5.816438590816723833e-03
5.816438590816723833e-03
5.816438590816723833e-03
5.816438590816723833e-03
5.816438590816723833e-03
5.816438590816723833e-03
5.816438590816723833e-03
5.816438590816723833e-03
5.816438590816723833e-03
5.816438590816723833e-03
5.816438590816723833e-03
5.816438590816723833e-03
5.816438590816723833e-03
5.816438590816723833e-03
5.816438590816723833e-03
5.816438590816723833e-03
5.816438590816723833e-03
5.816438590816723833e-03
5.816438590816723833e-03
5.816438590816723833e-03
5.816438590816723833e-03
5.816438590816723833e-03
5.816438590816723833e-03
5.816438590816723833e-03
5.816438590816723833e-03
5.816438590816723833e-03
5.816438590816723833e-03
5.816438590816723833e-03
5.816438590816723833e-03
5.816438590816723833e-03
5.816438590816723833e-03
5.816438590816723833e-03
5.816438590816723833e-03
5.816438590816723833e-03
5.816438590816723833e-03
5.816438590816723833e-03
5.816438590816723833e-03
5.816438590816723833e-03
5.816438590816723833e-03
5.816438590816723833e-03
5.816438590816723833e-03
5.816438590816723833e-03
5.816438590816723833e-03
5.816438590816723833e-03
5.816438590816723833e-03
5.749816127579869887e-03
5.749816127579869887e-03
5.749816127579869887e-03
5.749816127579869887e-03
5.749816127579869887e-03
5.749816127579869887e-03
5.749816127579869887e-03
5.749816127579869887e-03
5.749816127579869887e-03
5.749816127579869887e-03
5.581650074741803524e-03
5.581650074741803524e-03
5.581650074741803524e-03
5.581650074741803524e-03
5.581650074741803524e-03
5.581650074741803524e-03
5.581650074741803524e-03
5.581650074741803524e-03
5.581650074741803524e-03
5.581650074741803524e-03
5.581650074741803524e-03
5.581650074741803524e-03
5.581650074741803524e-03
5.581650074741803524e-03
5.581650074741803524e-03
5.581650074741803524e-03
5.581650074741803524e-03
5.581650074741803524e-03
5.528805914962628583e-03
5.528805914962628583e-03
5.528805914962628583e-03
5.528805914962628583e-03
5.477428821633093491e-03
5.477428821633093491e-03
5.477428821633093491e-03
5.477428821633093491e-03
5.477428821633093491e-03
5.477428821633093491e-03
5.477428821633093491e-03
5.477428821633093491e-03
5.477428821633093491e-03
5.477428821633093491e-03
5.477428821633093491e-03
5.477428821633093491e-03
5.477428821633093491e-03
5.477428821633093491e-03
5.477428821633093491e-03
5.477428821633093491e-03
5.477428821633093491e-03
5.477428821633093491e-03
5.477428821633093491e-03
5.477428821633093491e-03
5.477428821633093491e-03
5.477428821633093491e-03
5.477428821633093491e-03
5.477428821633093491e-03
5.477428821633093491e-03
5.477428821633093491e-03
5.477428821633093491e-03
5.477428821633093491e-03
5.477428821633093491e-03
5.477428821633093491e-03
5.104968325335725032e-03
5.104968325335725032e-03
5.067935804981524989e-03
4.933986116005447016e-03
4.933986116005447016e-03
4.933986116005447016e-03
4.933986116005447016e-03
4.933986116005447016e-03
4.885243923432230038e-03
4.885243923432230038e-03
4.885243923432230038e-03
4.885243923432230038e-03
4.885243923432230038e-03
4.885243923432230038e-03
4.885243923432230038e-03
4.885243923432230038e-03
4.885243923432230038e-03
4.885243923432230038e-03
4.671289604857520317e-03
4.671289604857520317e-03
4.671289604857520317e-03
4.671289604857520317e-03
4.671289604857520317e-03
4.671289604857520317e-03
4.671289604857520317e-03
4.586995143221892640e-03
4.586995143221892640e-03
4.586995143221892640e-03
4.586995143221892640e-03
4.586995143221892640e-03
4.586995143221892640e-03
4.586995143221892640e-03
4.586995143221892640e-03
4.586995143221892640e-03
4.586995143221892640e-03
4.565921479114895022e-03
4.565921479114895022e-03
4.565921479114895022e-03
4.565921479114895022e-03
4.565921479114895022e-03
4.565921479114895022e-03
4.565921479114895022e-03
4.565921479114895022e-03
4.565921479114895022e-03
4.565921479114895022e-03
4.515365648636165095e-03
4.515365648636165095e-03
4.515365648636165095e-03
4.515365648636165095e-03
4.515365648636165095e-03
4.515365648636165095e-03
4.515365648636165095e-03
4.390103628956168631e-03
4.390103628956168631e-03
4.390103628956168631e-03
4.390103628956168631e-03
4.390103628956168631e-03
4.390103628956168631e-03
4.390103628956168631e-03
4.390103628956168631e-03
4.390103628956168631e-03
4.390103628956168631e-03
4.390103628956168631e-03
4.390103628956168631e-03
4.390103628956168631e-03
4.390103628956168631e-03
4.390103628956168631e-03
4.390103628956168631e-03
4.390103628956168631e-03
4.390103628956168631e-03
4.390103628956168631e-03
4.390103628956168631e-03
4.390103628956168631e-03
4.390103628956168631e-03
4.390103628956168631e-03
4.390103628956168631e-03
4.173852090933032402e-03
4.126920320367852973e-03
4.126920320367852973e-03
4.126920320367852973e-03
4.126920320367852973e-03
4.126920320367852973e-03
4.126920320367852973e-03
4.126920320367852973e-03
4.126920320367852973e-03
4.126920320367852973e-03
4.126920320367852973e-03
4.126920320367852973e-03
4.126920320367852973e-03
4.126920320367852973e-03
4.126920320367852973e-03
4.126920320367852973e-03
4.126920320367852973e-03
4.126920320367852973e-03
4.126920320367852973e-03
4.126920320367852973e-03
4.126920320367852973e-03
4.126920320367852973e-03
4.116975317461925819e-03
4.116975317461925819e-03
4.116975317461925819e-03
4.116975317461925819e-03
4.116975317461925819e-03
4.116975317461925819e-03
4.116975317461925819e-03
4.116975317461925819e-03
4.116975317461925819e-03
3.967608492898226646e-03
3.967608492898226646e-03
3.967608492898226646e-03
3.967608492898226646e-03
3.967608492898226646e-03
3.967608492898226646e-03
3.967608492898226646e-03
3.967608492898226646e-03
3.967608492898226646e-03
3.967608492898226646e-03
3.967608492898226646e-03
3.967608492898226646e-03
3.967608492898226646e-03
3.967608492898226646e-03
3.967608492898226646e-03
3.967608492898226646e-03
3.967608492898226646e-03
3.967608492898226646e-03
3.967608492898226646e-03
3.967608492898226646e-03
3.967608492898226646e-03
3.967608492898226646e-03
3.940073054822028527e-03
3.940073054822028527e-03
3.940073054822028527e-03
3.940073054822028527e-03
3.940073054822028527e-03
3.940073054822028527e-03
3.940073054822028527e-03
3.940073054822028527e-03
3.940073054822028527e-03
3.911730423722331942e-03
3.911730423722331942e-03
3.911730423722331942e-03
3.911730423722331942e-03
3.911730423722331942e-03
3.852699046090082499e-03
3.852699046090082499e-03
3.852699046090082499e-03
3.852699046090082499e-03
3.852699046090082499e-03
3.852699046090082499e-03
3.852699046090082499e-03
3.852699046090082499e-03
3.852699046090082499e-03
3.852699046090082499e-03
3.852699046090082499e-03
3.852699046090082499e-03
3.852699046090082499e-03
3.852699046090082499e-03
3.852699046090082499e-03
3.852699046090082499e-03
3.852699046090082499e-03
3.852699046090082499e-03
3.852699046090082499e-03
3.852699046090082499e-03
3.852699046090082499e-03
3.852699046090082499e-03
3.852699046090082499e-03
3.852699046090082499e-03
3.852699046090082499e-03
3.852699046090082499e-03
3.852699046090082499e-03
3.852699046090082499e-03
3.833983770008154903e-03
3.833983770008154903e-03
3.833983770008154903e-03
3.833983770008154903e-03
3.833983770008154903e-03
3.833983770008154903e-03
3.833983770008154903e-03
3.833983770008154903e-03
3.833983770008154903e-03
3.833983770008154903e-03
3.833983770008154903e-03
3.833983770008154903e-03
3.833983770008154903e-03
3.833983770008154903e-03
3.833983770008154903e-03
3.833983770008154903e-03
3.833983770008154903e-03
3.833983770008154903e-03
3.833983770008154903e-03
3.833983770008154903e-03
3.833983770008154903e-03
3.833983770008154903e-03
3.833983770008154903e-03
3.833983770008154903e-03
3.833983770008154903e-03
3.833983770008154903e-03
3.833983770008154903e-03
3.833983770008154903e-03
3.833983770008154903e-03
3.833983770008154903e-03
3.833983770008154903e-03
3.833983770008154903e-03
3.833983770008154903e-03
3.833983770008154903e-03
3.833983770008154903e-03
3.833983770008154903e-03
3.833983770008154903e-03
3.833983770008154903e-03
3.833983770008154903e-03
3.833983770008154903e-03
3.833983770008154903e-03
3.833983770008154903e-03
3.833983770008154903e-03
3.833983770008154903e-03
3.833983770008154903e-03
3.833983770008154903e-03
3.833983770008154903e-03
3.833983770008154903e-03
3.833983770008154903e-03
3.833983770008154903e-03
3.828908553377825125e-03
3.828908553377825125e-03
3.828908553377825125e-03
3.828908553377825125e-03
3.828908553377825125e-03
3.828908553377825125e-03
3.828908553377825125e-03
3.828908553377825125e-03
3.828908553377825125e-03
3.828908553377825125e-03
3.828908553377825125e-03
3.828908553377825125e-03
3.828908553377825125e-03
3.702075524600724390e-03
3.702075524600724390e-03
3.702075524600724390e-03
3.702075524600724390e-03
3.702075524600724390e-03
3.702075524600724390e-03
3.702075524600724390e-03
3.702075524600724390e-03
3.702075524600724390e-03
3.702075524600724390e-03
3.648352471185823970e-03
3.648352471185823970e-03
3.648352471185823970e-03
3.648352471185823970e-03
3.648352471185823970e-03
3.648352471185823970e-03
3.648352471185823970e-03
3.648352471185823970e-03
3.648352471185823970e-03
3.648352471185823970e-03
