2.272728763685576268e+03
2.155883843773012813e+03
2.046622580307760700e+03
1.910022620402024359e+03
1.831682808941132635e+03
1.736767500052792911e+03
1.644626593180783175e+03
1.599137380346320242e+03
1.562498248169712724e+03
1.524582110073396962e+03
1.488434951557680051e+03
1.464192356022936565e+03
1.444577304802481649e+03
1.419641410528515507e+03
1.377803502261580434e+03
1.344420380493072344e+03
1.335447886321435135e+03
1.323918006995987980e+03
1.283225229769940370e+03
1.272392026534506840e+03
1.234780753007839621e+03
1.227589073563536431e+03
1.220880377701274028e+03
1.197777295718268533e+03
1.151982481714628193e+03
1.139620648607727162e+03
1.132762996127107726e+03
1.121628796595555514e+03
1.104315303026891797e+03
1.098126051365749845e+03
1.093829855841414656e+03
1.083265267978992824e+03
1.073364789747389977e+03
1.062029709732976698e+03
1.047526637113093102e+03
1.040826149924042511e+03
1.021985438567152642e+03
1.011121769958622508e+03
1.003416965912867568e+03
9.967300161763203050e+02
9.923079023693727549e+02
9.878711030859411721e+02
9.704864161557904936e+02
9.678964782640204021e+02
9.665064984345767698e+02
9.547558559567731891e+02
9.464048522105256325e+02
9.391561727959309565e+02
9.341453807320049236e+02
9.185903007480026190e+02
9.045169790024280019e+02
8.910143732053491021e+02
8.863032767523523034e+02
8.820861176603935974e+02
8.782488345362559130e+02
8.738664113070032045e+02
8.685249546712960864e+02
8.545116048888982050e+02
8.509329165342895749e+02
8.448279770291843533e+02
8.420784945981962437e+02
8.368744972244024893e+02
8.361613648374806189e+02
8.333781761879043870e+02
8.319301615268418573e+02
8.244810375160121794e+02
8.207317902321325391e+02
8.197760937627203930e+02
8.171161461126752101e+02
8.135516026767364792e+02
8.036896305673960796e+02
8.006587841609406269e+02
7.934482762848172115e+02
7.907332426220322077e+02
7.899022765316431105e+02
7.878934922354681021e+02
7.786753412546815980e+02
7.776912661660815047e+02
7.772215799808531074e+02
7.750747976325443460e+02
7.708078455663170416e+02
7.690652133278590554e+02
7.640499208175369859e+02
7.622485951093914309e+02
7.599529181096922912e+02
7.555078594631577289e+02
7.480708317327747636e+02
7.447213419362032027e+02
7.434255386876361626e+02
7.396772276603779801e+02
7.370836331556987489e+02
7.355067378494276227e+02
7.300469303445003106e+02
7.300469303445003106e+02
7.280419869972561173e+02
7.250017644696082471e+02
7.182008074415469991e+02
7.160594637408725021e+02
7.145075414453576741e+02
7.132428668031693633e+02
7.108285931155954813e+02
7.091367688980665207e+02
7.056622270354051807e+02
6.999991507262701589e+02
6.997546908056771144e+02
6.973704019850355280e+02
6.919605886230838223e+02
6.909722263419840829e+02
6.895566727172580386e+02
6.890843323146591501e+02
6.890843323146592638e+02
6.885762841330922583e+02
6.885762841330924857e+02
6.885762841330922583e+02
6.855985734516510774e+02
6.841026599660924603e+02
6.829785801065444275e+02
6.820256641057652587e+02
6.771464743035096490e+02
6.771464743035098763e+02
6.709613374525393965e+02
6.709613374525392828e+02
6.709613374525392828e+02
6.709613374525392828e+02
6.704031924727577234e+02
6.703121651933660132e+02
6.657137526398801128e+02
6.657137526398799992e+02
6.637418102332112539e+02
6.626075724280543682e+02
6.620645880031880779e+02
6.578655187656264616e+02
6.562762687944647269e+02
6.538906013877236774e+02
6.508338674571989486e+02
6.504891508430598606e+02
6.496700330671260417e+02
6.488808735066023701e+02
6.488808735066023701e+02
6.484882664023770076e+02
6.484882664023770076e+02
6.448381111775395311e+02
6.436847465492749052e+02
6.430435901601302930e+02
6.430435901601304067e+02
6.405076352422260015e+02
6.405076352422260015e+02
6.404164951586711823e+02
6.404164951586712959e+02
6.385407851158055337e+02
6.383451050118451349e+02
6.375046008950718033e+02
6.367399684093659289e+02
6.367399684093659289e+02
6.367399684093659289e+02
6.352002689343363500e+02
6.352002689343364636e+02
6.343461233615385026e+02
6.343461233615385026e+02
6.336640307819583313e+02
6.336640307819583313e+02
6.324474445944623540e+02
6.315976446529117538e+02
6.309361178049457521e+02
6.295337430107309729e+02
6.261465405937718742e+02
6.261465405937718742e+02
6.261465405937718742e+02
6.261465405937718742e+02
6.261465405937718742e+02
6.261465405937718742e+02
6.261465405937718742e+02
6.240295013012337222e+02
6.239546422520911619e+02
6.222790137234892427e+02
6.210810202423625697e+02
6.210810202423625697e+02
6.210810202423625697e+02
6.210810202423625697e+02
6.186417514218876477e+02
6.186417514218876477e+02
6.160479123060448501e+02
6.136057214951131300e+02
6.123786697431099810e+02
6.110071473936795883e+02
6.109848445991181052e+02
6.109848445991182189e+02
6.085369991757961543e+02
6.083433798217680533e+02
6.062137157684777549e+02
6.062137157684778686e+02
6.062137157684778686e+02
6.062137157684778686e+02
6.048657340095123800e+02
6.044413498204849020e+02
6.044413498204849020e+02
6.043808839543374916e+02
6.043808839543374916e+02
6.012450217517285864e+02
6.012450217517284727e+02
5.982543380351785345e+02
5.971681354521210778e+02
5.946008618204278946e+02
5.942973342751391783e+02
5.942973342751391783e+02
5.938039294228831295e+02
5.938039294228831295e+02
5.932188673829243726e+02
5.924999546993074091e+02
5.910563152937828590e+02
5.888622604227642796e+02
5.888622604227642796e+02
5.884342052253465454e+02
5.884342052253465454e+02
5.884342052253465454e+02
5.884342052253465454e+02
5.884342052253465454e+02
5.878214933872691290e+02
5.872520233997847754e+02
5.869276117129194290e+02
5.869276117129192016e+02
5.869276117129192016e+02
5.869276117129194290e+02
5.850998811806899766e+02
5.824242495368392838e+02
5.823306598213214329e+02
5.823306598213215466e+02
5.823306598213215466e+02
5.823306598213214329e+02
5.813989436145226364e+02
5.797656007394424478e+02
5.797656007394425615e+02
5.786474398915503343e+02
5.760859042641961878e+02
5.759986867791931218e+02
5.759986867791931218e+02
5.745040263894179589e+02
5.745040263894178452e+02
5.740465501888511426e+02
5.733076391530248657e+02
5.727455568089369535e+02
5.726778931307090943e+02
5.726778931307090943e+02
5.706185639756007504e+02
5.706185639756007504e+02
5.706185639756007504e+02
5.700008261721058034e+02
5.700008261721058034e+02
5.691227554240646214e+02
5.684283122171208333e+02
5.646410350724045202e+02
5.558522560798916174e+02
5.558522560798916174e+02
5.558522560798916174e+02
5.558522560798916174e+02
5.558522560798916174e+02
5.551338415955547134e+02
5.525047889292075070e+02
5.525047889292073933e+02
5.525047889292073933e+02
5.525047889292073933e+02
5.525047889292073933e+02
5.521701908635800464e+02
5.521701908635800464e+02
5.521701908635800464e+02
5.521701908635800464e+02
5.521701908635801601e+02
5.521701908635800464e+02
5.512602061108807447e+02
5.512602061108808584e+02
5.500492201935802541e+02
5.500492201935802541e+02
5.478801764283256261e+02
5.478801764283256261e+02
5.478801764283256261e+02
5.478801764283256261e+02
5.478801764283256261e+02
5.469358250672693202e+02
5.469358250672693202e+02
5.469358250672693202e+02
5.425704673416231572e+02
5.411152782228988372e+02
5.411152782228988372e+02
5.411152782228988372e+02
5.411152782228988372e+02
5.411152782228988372e+02
5.399824207550500432e+02
5.399824207550500432e+02
5.399824207550500432e+02
5.399824207550499295e+02
5.399824207550500432e+02
5.399824207550500432e+02
5.399824207550500432e+02
5.396935058104434120e+02
5.396935058104434120e+02
5.385884831990688326e+02
5.378951061120742452e+02
5.374203781854164390e+02
5.374203781854164390e+02
5.374203781854164390e+02
5.374203781854164390e+02
5.374203781854164390e+02
5.374203781854165527e+02
5.374203781854164390e+02
5.374203781854164390e+02
5.369711552306461044e+02
5.369711552306461044e+02
5.369711552306461044e+02
5.369711552306461044e+02
5.369711552306461044e+02
5.365254152836953381e+02
5.365254152836952244e+02
5.357293587517882543e+02
5.341763465552641037e+02
5.337810611189761403e+02
5.337810611189761403e+02
5.337810611189761403e+02
5.329316224348461901e+02
5.329316224348461901e+02
5.329316224348461901e+02
5.329316224348461901e+02
5.310545489184237340e+02
5.310545489184237340e+02
5.310545489184237340e+02
5.310545489184236203e+02
5.310545489184237340e+02
5.310545489184237340e+02
5.303586980729239713e+02
5.282506101174337800e+02
5.282506101174337800e+02
5.282506101174337800e+02
5.282506101174337800e+02
5.276229934506928885e+02
5.276229934506928885e+02
5.276229934506928885e+02
5.270446391212175286e+02
5.269835398807690581e+02
5.269835398807690581e+02
5.269835398807690581e+02
5.269835398807690581e+02
5.269835398807690581e+02
5.269835398807690581e+02
5.269205919622199872e+02
5.251299341225255830e+02
5.249696506336683797e+02
5.249696506336683797e+02
5.249696506336683797e+02
5.249696506336683797e+02
5.249696506336683797e+02
5.249696506336683797e+02
5.248312584079056933e+02
5.234291848584732634e+02
5.230470989416752445e+02
5.220604557714501652e+02
5.220604557714501652e+02
5.220158064112370084e+02
5.220158064112370084e+02
5.220158064112372358e+02
5.214525064897893571e+02
5.214525064897894708e+02
5.214525064897893571e+02
5.214525064897893571e+02
5.214525064897893571e+02
5.211750030325800935e+02
5.211750030325800935e+02
5.211750030325800935e+02
5.205454244435768487e+02
5.204028086531078543e+02
5.204028086531078543e+02
5.204028086531078543e+02
5.204028086531078543e+02
5.204028086531078543e+02
5.204028086531078543e+02
5.194278617199083783e+02
5.184889942271241807e+02
5.183900873221186885e+02
5.183900873221186885e+02
5.183900873221186885e+02
5.183900873221188021e+02
5.145161425328835776e+02
5.145161425328835776e+02
5.145161425328835776e+02
5.142743058008910566e+02
5.142743058008910566e+02
5.142565674718991886e+02
5.142565674718991886e+02
5.134806600231995617e+02
5.134806600231995617e+02
5.134806600231995617e+02
5.129620051808630024e+02
5.129620051808630024e+02
5.117112585788045749e+02
5.117112585788045749e+02
5.117112585788045749e+02
5.117112585788045749e+02
5.117112585788045749e+02
5.099029605334194457e+02
5.091916233674563159e+02
5.091916233674563159e+02
5.091916233674563159e+02
5.091916233674564864e+02
5.091916233674563159e+02
5.077862828419324046e+02
5.076071297167978855e+02
5.076071297167978855e+02
5.076071297167978855e+02
5.076071297167978855e+02
5.076071297167978855e+02
5.069791876023183477e+02
5.069791876023183477e+02
5.069791876023183477e+02
5.069791876023183477e+02
5.069791876023184045e+02
5.069791876023183477e+02
5.069451612828958105e+02
5.069451612828958105e+02
5.064693191491633115e+02
5.064693191491633115e+02
5.064693191491633115e+02
5.064693191491633115e+02
5.064693191491633115e+02
5.064693191491633115e+02
5.064693191491633115e+02
5.064693191491633115e+02
5.064693191491633115e+02
5.063331304277733125e+02
5.063331304277734262e+02
5.043117191556151511e+02
5.043117191556151511e+02
5.043117191556151511e+02
5.043117191556151511e+02
5.039927222767415742e+02
5.037600588289043344e+02
5.037600588289043344e+02
5.037600588289043344e+02
5.037600588289043344e+02
5.037600588289043344e+02
5.037600588289043344e+02
5.037600588289043344e+02
5.037600588289043344e+02
5.037600588289043344e+02
5.037600588289043344e+02
5.037600588289043344e+02
5.037600588289043344e+02
5.037600588289043344e+02
5.037374528621112404e+02
5.035156760013362600e+02
5.035156760013362600e+02
5.035156760013362600e+02
5.035156760013362600e+02
5.035156760013362600e+02
5.035156760013362600e+02
5.035156760013362600e+02
5.035156760013361463e+02
5.035156760013362600e+02
5.035156760013362600e+02
5.035156760013362600e+02
5.035156760013362600e+02
5.031079102823389917e+02
5.023231208326839123e+02
5.023231208326839123e+02
5.023231208326839123e+02
5.023231208326839123e+02
5.023231208326839123e+02
5.023231208326839123e+02
5.023231208326839123e+02
5.023231208326839123e+02
5.023231208326839123e+02
5.023231208326839123e+02
5.023231208326839692e+02
5.023231208326839123e+02
5.023231208326839123e+02
5.023231208326839123e+02
5.023231208326839123e+02
5.023231208326839123e+02
5.023231208326839123e+02
5.023231208326839123e+02
5.023231208326839123e+02
5.023231208326839123e+02
5.023231208326839123e+02
5.023231208326839123e+02
5.023231208326839123e+02
5.021409430083283496e+02
5.021409430083283496e+02
5.014404572437341017e+02
5.014404572437341017e+02
5.014404572437339880e+02
5.002721299483565076e+02
5.002721299483565076e+02
5.002721299483565076e+02
5.002721299483565076e+02
5.000938933015302723e+02
4.993598295809073875e+02
4.993598295809073875e+02
4.993598295809073875e+02
4.993598295809073875e+02
4.986681187701069007e+02
4.986681187701069007e+02
4.986681187701069007e+02
4.986681187701069007e+02
4.978069033563816674e+02
4.978069033563816674e+02
4.948385677099232112e+02
4.941702033557527329e+02
4.941702033557527329e+02
4.941702033557527329e+02
4.941702033557527329e+02
4.941702033557527329e+02
4.941702033557527329e+02
4.941702033557527329e+02
4.941702033557527329e+02
4.941702033557527329e+02
4.941702033557527329e+02
4.940299263885507344e+02
4.940299263885507344e+02
4.940299263885505638e+02
4.940299263885505638e+02
4.934565193771110785e+02
4.933645547679805645e+02
4.933645547679805645e+02
4.933645547679806782e+02
4.933645547679807351e+02
4.933645547679805645e+02
4.933645547679805645e+02
4.933645547679805645e+02
4.933645547679805645e+02
4.933645547679805645e+02
4.933645547679805645e+02
4.933645547679806782e+02
4.933645547679805645e+02
4.933645547679806782e+02
4.933645547679805645e+02
4.933645547679805645e+02
4.933645547679805645e+02
4.929789259170323135e+02
4.929789259170323135e+02
4.929789259170323135e+02
4.929789259170323135e+02
4.929789259170321998e+02
4.929789259170323135e+02
4.929789259170323135e+02
4.929789259170323135e+02
4.929789259170323135e+02
4.927637698658852514e+02
4.927637698658852514e+02
4.927637698658852514e+02
4.927637698658852514e+02
4.927637698658852514e+02
4.927637698658852514e+02
4.927637698658852514e+02
4.927637698658852514e+02
4.918396021107585625e+02
4.918396021107585625e+02
4.918396021107585625e+02
4.918396021107585625e+02
4.918396021107585625e+02
4.918396021107585625e+02
4.918396021107585625e+02
4.918396021107585625e+02
4.918396021107585625e+02
4.918396021107585625e+02
4.918396021107585625e+02
4.897626528201125211e+02
4.897626528201125211e+02
4.897626528201125211e+02
4.891599499079046609e+02
4.885518757379734893e+02
4.885518757379734893e+02
4.885518757379734893e+02
4.885518757379734893e+02
4.885518757379734893e+02
4.885518757379734893e+02
4.846594995570528113e+02
4.846594995570528113e+02
4.846594995570528113e+02
4.846594995570528113e+02
4.843420736191960714e+02
4.843420736191960714e+02
4.839468985502669511e+02
4.839468985502669511e+02
4.839272829695054270e+02
4.838771582790917023e+02
4.838063743923592028e+02
4.838063743923592028e+02
4.816073926101663005e+02
4.816073926101663005e+02
4.813126454292268477e+02
4.780401126344121394e+02
4.780401126344121394e+02
4.780401126344121394e+02
4.780401126344121394e+02
4.780401126344119689e+02
4.776732415688382503e+02
4.776732415688382503e+02
4.760213638433455117e+02
4.760213638433455117e+02
4.759786822164648470e+02
4.759786822164648470e+02
4.759245227206027380e+02
4.759245227206027380e+02
4.755300225438621169e+02
4.755300225438620600e+02
4.755300225438620032e+02
4.755300225438620032e+02
4.755300225438620032e+02
4.755300225438620032e+02
4.755300225438620032e+02
4.755300225438620032e+02
4.754243168225546015e+02
4.754243168225546015e+02
4.754243168225546015e+02
4.754243168225546015e+02
4.754243168225546015e+02
4.754243168225546015e+02
4.754243168225546015e+02
4.754243168225546015e+02
4.754243168225546015e+02
4.754243168225547720e+02
4.754243168225546015e+02
4.736857583077575100e+02
4.736857583077575100e+02
4.736857583077573395e+02
4.736857583077575100e+02
4.736857583077573395e+02
4.736857583077575100e+02
4.726875048624224860e+02
4.726071527317630512e+02
4.726071527317630512e+02
4.726071527317630512e+02
4.726071527317631649e+02
4.698568594142677171e+02
4.698568594142677171e+02
4.698568594142677171e+02
4.659144820242243554e+02
4.656256973146419114e+02
4.656256973146418545e+02
4.651659404331446126e+02
4.651659404331447831e+02
4.651659404331448400e+02
4.651659404331447831e+02
4.651659404331448400e+02
4.641813500958129453e+02
4.633988199273688338e+02
4.633988199273687769e+02
4.633988199273688338e+02
4.632601413046916150e+02
4.632601413046916150e+02
4.632601413046916150e+02
4.632601413046916150e+02
4.632601413046916150e+02
4.632601413046916150e+02
4.623898860249372547e+02
4.623898860249373115e+02
4.623898860249374820e+02
4.613227250132782160e+02
4.613227250132782160e+02
4.613227250132782160e+02
4.613227250132782160e+02
4.610562482352343636e+02
4.610562482352341931e+02
4.610562482352341931e+02
4.610562482352341931e+02
4.610562482352341931e+02
4.610562482352343636e+02
4.610562482352341931e+02
4.602262197780504493e+02
4.602262197780504493e+02
4.602262197780504493e+02
4.599126754749945007e+02
4.599126754749945007e+02
4.599126754749943302e+02
4.599126754749945007e+02
4.599126754749945007e+02
4.599126754749945007e+02
4.599126754749945007e+02
4.598539369694011612e+02
4.598539369694011612e+02
4.598539369694011043e+02
4.598539369694011612e+02
4.598539369694011612e+02
4.597760904372653386e+02
4.597760904372653386e+02
4.597760904372654522e+02
4.594885547364708032e+02
4.594885547364709169e+02
4.594885547364708032e+02
4.594885547364708032e+02
4.594885547364708032e+02
4.594885547364708032e+02
4.594885547364709169e+02
4.594885547364708032e+02
4.594885547364708032e+02
4.594885547364708032e+02
4.594885547364708032e+02
4.594885547364706895e+02
4.594885547364708032e+02
4.594885547364709169e+02
4.594885547364708032e+02
4.580420658096186344e+02
4.566526656950559868e+02
4.566526656950559300e+02
4.566526656950559868e+02
4.566449363151355101e+02
4.551604069541038484e+02
4.545263621024865870e+02
4.545263621024865870e+02
4.545263621024865870e+02
4.545263621024865870e+02
4.545263621024865870e+02
4.545263621024865870e+02
4.531283335241829491e+02
4.531283335241829491e+02
4.531283335241829491e+02
4.529350125894368944e+02
4.529350125894368944e+02
4.529350125894368944e+02
4.529350125894368944e+02
4.529350125894368944e+02
4.529350125894368944e+02
4.529350125894368944e+02
4.524558829335974224e+02
4.524558829335974224e+02
4.520811572391148729e+02
4.520811572391148729e+02
4.520811572391148729e+02
4.519965368316409240e+02
4.519965368316409240e+02
4.519965368316409240e+02
4.519965368316409240e+02
4.519965368316409240e+02
4.519965368316409240e+02
4.519965368316409240e+02
4.519965368316409240e+02
4.519965368316409240e+02
4.519965368316409240e+02
4.519965368316409240e+02
4.519965368316407535e+02
4.509904823885107135e+02
4.509904823885107135e+02
4.509904823885107135e+02
4.509157911079604446e+02
4.509157911079604446e+02
4.509157911079604446e+02
4.509157911079604446e+02
4.509157911079604446e+02
4.509157911079603878e+02
4.509157911079604446e+02
4.507776480064763973e+02
4.504532387204375823e+02
4.504532387204375823e+02
4.504532387204375823e+02
4.496825275535513242e+02
4.496825275535513242e+02
4.496458957655548829e+02
4.496458957655548829e+02
4.496458957655548829e+02
4.496458957655548829e+02
4.496458957655548829e+02
4.496458957655548829e+02
4.496458957655548829e+02
4.496458957655548829e+02
4.496458957655548829e+02
4.496458957655548829e+02
4.492018777485250780e+02
4.492018777485250780e+02
4.492018777485250780e+02
4.487702699002206259e+02
4.487702699002206259e+02
4.487702699002206259e+02
4.487702699002206259e+02
4.487702699002206259e+02
4.471907005042496053e+02
4.471907005042495484e+02
4.471907005042495484e+02
4.471907005042495484e+02
4.465169773065441632e+02
4.465169773065441632e+02
4.465169773065441632e+02
4.465169773065441632e+02
4.463357978821584311e+02
4.463357978821584311e+02
4.463357978821584311e+02
4.463357978821584311e+02
4.463357978821584311e+02
4.463357978821583743e+02
4.462436587426403776e+02
4.462436587426403776e+02
4.462436587426403776e+02
4.462436587426402639e+02
4.462436587426403776e+02
4.456578266159132227e+02
4.456578266159132227e+02
4.456578266159132227e+02
4.456578266159132227e+02
4.456578266159132227e+02
4.456578266159132227e+02
4.456578266159132227e+02
4.448882204405927041e+02
4.448882204405927041e+02
4.448882204405927041e+02
4.448882204405927041e+02
4.448882204405926473e+02
4.448882204405927041e+02
4.448882204405927041e+02
4.448882204405927041e+02
4.448882204405927041e+02
4.448882204405927041e+02
4.448882204405926473e+02
4.448882204405927041e+02
4.448882204405927041e+02
4.448882204405927041e+02
4.448882204405927041e+02
4.448882204405927041e+02
4.445004020547013965e+02
4.445004020547013965e+02
4.445004020547013965e+02
4.445004020547013965e+02
4.445004020547013965e+02
4.445004020547013965e+02
4.445004020547013965e+02
4.445004020547013965e+02
4.445004020547013965e+02
4.445004020547013965e+02
4.445004020547013965e+02
4.445004020547013965e+02
4.445004020547013965e+02
4.445004020547013965e+02
4.445004020547013965e+02
4.445004020547013965e+02
4.445004020547013965e+02
4.445004020547013965e+02
4.445004020547013965e+02
4.445004020547013965e+02
4.445004020547013965e+02
4.445004020547013397e+02
4.445004020547013965e+02
4.445004020547013965e+02
4.445004020547013965e+02
4.445004020547013965e+02
4.445004020547013965e+02
4.441674278838309533e+02
4.441674278838309533e+02
4.441674278838309533e+02
4.437814017581277994e+02
4.437814017581277994e+02
4.437814017581277994e+02
4.437814017581277994e+02
4.435811177748866498e+02
4.435811177748866498e+02
4.432517291899968654e+02
4.432517291899968654e+02
4.432517291899968654e+02
4.432517291899968654e+02
4.432517291899968654e+02
4.432517291899968654e+02
4.432517291899968654e+02
4.432517291899967518e+02
4.432517291899968654e+02
4.432517291899968654e+02
4.432517291899968654e+02
4.432517291899968654e+02
4.432517291899968654e+02
4.428393927595467403e+02
4.428393927595467972e+02
4.428393927595467972e+02
4.428393927595467972e+02
4.428393927595467972e+02
4.428393927595467972e+02
4.428393927595467972e+02
4.425105418045168335e+02
4.420363576721690038e+02
4.420363576721690038e+02
4.420363576721690038e+02
4.420363576721690038e+02
4.420363576721690038e+02
4.420363576721690038e+02
4.420363576721689469e+02
4.420363576721690038e+02
4.420310701111829417e+02
4.420310701111830554e+02
4.420310701111830554e+02
4.420310701111830554e+02
4.419361483209228254e+02
4.419361483209228254e+02
4.419361483209228254e+02
4.419361483209228254e+02
4.419361483209228254e+02
4.419361483209228254e+02
4.419361483209228254e+02
4.419361483209228254e+02
4.419361483209228254e+02
4.419361483209228254e+02
4.419361483209228254e+02
4.419361483209228254e+02
4.419361483209228254e+02
4.419361483209228254e+02
4.419361483209228254e+02
4.419361483209228254e+02
4.418610448844703456e+02
4.418610448844703456e+02
4.418610448844703456e+02
4.418610448844703456e+02
4.418610448844703456e+02
4.408576215270255716e+02
4.406366183769343365e+02
4.406366183769343365e+02
4.406366183769343365e+02
4.406366183769342797e+02
4.406366183769343365e+02
4.406366183769343365e+02
4.406366183769343365e+02
4.406366183769343365e+02
4.406366183769343365e+02
4.402984606458687722e+02
4.402984606458687722e+02
4.402984606458687722e+02
4.402984606458687722e+02
4.402984606458687722e+02
4.402984606458687153e+02
4.402984606458687153e+02
4.399292995891099167e+02
4.392781909075051772e+02
4.392781909075051772e+02
4.392781909075051772e+02
4.392781909075051772e+02
4.391314614333726354e+02
4.373322981195507282e+02
4.373259376173890018e+02
4.373259376173890018e+02
4.373259376173890018e+02
4.369706599122032458e+02
4.369706599122032458e+02
4.369706599122032458e+02
4.369706599122032458e+02
4.369706599122032458e+02
4.369706599122032458e+02
4.369706599122032458e+02
4.369706599122032458e+02
4.369706599122032458e+02
4.369706599122032458e+02
4.369706599122032458e+02
4.369706599122031889e+02
4.366727136094494881e+02
4.366727136094494881e+02
4.366727136094494313e+02
4.359356320423557349e+02
4.359356320423557349e+02
4.359356320423557349e+02
4.359356320423557349e+02
4.359356320423557349e+02
4.359356320423557349e+02
4.359356320423557349e+02
4.359356320423557349e+02
4.358655246348443484e+02
4.358655246348443484e+02
4.358655246348443484e+02
4.358655246348443484e+02
4.358655246348443484e+02
4.353634986570270939e+02
4.353634986570270939e+02
4.353634986570270939e+02
4.353634986570270939e+02
4.353634986570270939e+02
4.353634986570270939e+02
4.351262385889114057e+02
4.350982530641430230e+02
4.350982530641430230e+02
4.350982530641429662e+02
4.350982530641430230e+02
4.350982530641430230e+02
4.350982530641430230e+02
4.350982530641430230e+02
4.348738168219340423e+02
4.348738168219340423e+02
4.348738168219340423e+02
4.348738168219340423e+02
4.346063305459358048e+02
4.346063305459358048e+02
4.346063305459358617e+02
4.346063305459358617e+02
4.346063305459358617e+02
4.344400166391118319e+02
4.344400166391118319e+02
4.344400166391118319e+02
4.344400166391118319e+02
4.344400166391118319e+02
4.344400166391118319e+02
4.344400166391118319e+02
4.344400166391118319e+02
4.344400166391118319e+02
4.344400166391118319e+02
4.344400166391118319e+02
4.344400166391118319e+02
4.344400166391118319e+02
4.344400166391118319e+02
4.344400166391118319e+02
4.344400166391118319e+02
4.344400166391118319e+02
4.344400166391118319e+02
4.339730072270726851e+02
