8.293676981112288615e+01
5.954849652592471898e+01
4.000235119500973724e+01
2.505636022138678598e+01
1.511832981183233748e+01
1.150758983736417207e+01
8.787586837257281402e+00
6.574328653129174249e+00
5.872371332591201920e+00
4.773370531713585052e+00
4.632773624519633593e+00
4.509195286736244590e+00
4.444066516249733034e+00
4.383678216018418006e+00
4.369599326565499986e+00
4.339384320287921426e+00
4.332104011969515334e+00
4.328181888135877564e+00
4.321744927365697819e+00
4.309396080037958043e+00
4.307123580067165669e+00
4.304561575121415018e+00
4.304412553840874622e+00
4.299905736691934877e+00
4.298628091085481273e+00
4.297995302350792635e+00
4.295941975229530030e+00
4.295941975229530030e+00
4.295941975229530030e+00
4.295941975229530030e+00
4.293855882283437175e+00
4.293855882283437175e+00
4.293855882283437175e+00
4.292764023371539395e+00
4.291377587042260799e+00
4.291203395163172729e+00
4.291086559046749294e+00
4.287467153723651947e+00
4.287467153723651947e+00
4.287467153723651947e+00
4.287310530780747975e+00
4.287310530780747975e+00
4.286757369951985197e+00
4.285055803802245045e+00
4.284660579314134132e+00
4.283621439364720729e+00
4.283574437954304592e+00
4.282208242352286476e+00
4.281386824722183349e+00
4.281143229830316699e+00
4.281143229830316699e+00
4.281133445322601538e+00
4.281133445322601538e+00
4.281131008494089230e+00
4.280980710982397852e+00
4.280394107166528350e+00
4.280394107166528350e+00
4.280394107166528350e+00
4.278679556241163695e+00
4.278679556241163695e+00
4.278398768637131866e+00
4.277596217193341488e+00
4.276429346885671556e+00
4.275332300319544032e+00
4.275332300319544032e+00
4.274835349024376008e+00
4.274834285400021194e+00
4.273786615148174484e+00
4.272473449543585211e+00
4.272473449543585211e+00
4.272473449543585211e+00
4.271983879486954017e+00
4.271262394745574120e+00
4.270862057213624219e+00
4.270862057213624219e+00
4.270862057213624219e+00
4.270824861216129698e+00
4.270206580781808370e+00
4.270206580781808370e+00
4.270206580781808370e+00
4.270206580781808370e+00
4.270050289431078561e+00
4.269803075521990010e+00
4.269803075521990010e+00
4.269803075521990010e+00
4.269803075521990010e+00
4.269765854053114928e+00
4.269608828169985770e+00
4.269608828169985770e+00
4.269170047863908302e+00
4.269170047863908302e+00
4.268736035442958432e+00
4.268198194435140813e+00
4.268198194435140813e+00
4.268198194435140813e+00
4.268198194435140813e+00
4.268084247873844106e+00
4.268084247873844106e+00
4.268084247873844106e+00
4.268007262478713315e+00
4.268007262478713315e+00
4.267876152794535471e+00
4.267876152794535471e+00
4.267868835444471820e+00
4.267868835444471820e+00
4.267868835444471820e+00
4.267868835444471820e+00
4.267509741228668219e+00
4.267509741228668219e+00
4.267509741228668219e+00
4.267509741228668219e+00
4.267509741228668219e+00
4.267509741228668219e+00
4.267235008047107314e+00
4.266582116599668240e+00
4.266473685309085440e+00
4.266473685309085440e+00
4.266473685309085440e+00
4.266473685309085440e+00
4.266215809142134496e+00
4.265747451905714804e+00
4.265747451905714804e+00
4.265571047427166640e+00
4.265571047427166640e+00
4.265571047427166640e+00
4.265571047427166640e+00
4.265476104433214566e+00
4.265330155309089655e+00
4.265330155309089655e+00
4.265238326047045447e+00
4.265238326047045447e+00
4.265069490415950959e+00
4.264823319100403687e+00
4.264823319100403687e+00
4.264823319100403687e+00
4.264823319100403687e+00
4.264752045281183790e+00
4.264752045281183790e+00
4.264752045281183790e+00
4.264752045281183790e+00
4.264658468742911879e+00
4.264658468742911879e+00
4.264658468742911879e+00
4.264658468742911879e+00
4.264658468742911879e+00
4.264658468742911879e+00
4.264566823708269006e+00
4.264415243308955716e+00
4.264415243308955716e+00
4.264311781136373547e+00
4.264311781136373547e+00
4.264311781136373547e+00
4.264311781136373547e+00
4.264185770298438705e+00
4.264083121948436528e+00
4.263882185919899648e+00
4.263623197120050889e+00
4.263623197120050889e+00
4.263623197120050889e+00
4.263623197120050889e+00
4.263623197120050889e+00
4.263623197120050889e+00
4.263623197120050889e+00
4.263623197120050889e+00
4.263623197120050889e+00
4.263623197120050889e+00
4.263623197120050889e+00
4.263399756411619279e+00
4.263399756411619279e+00
4.263399756411619279e+00
4.263399756411619279e+00
4.263399756411619279e+00
4.263399756411619279e+00
4.263399756411619279e+00
4.263399756411619279e+00
4.263399756411619279e+00
4.263389693180144491e+00
4.263389693180144491e+00
4.263389693180144491e+00
4.263389693180144491e+00
4.263389693180144491e+00
4.263389693180144491e+00
4.263389693180144491e+00
4.263389693180144491e+00
4.263389693180144491e+00
4.263389693180144491e+00
4.263389693180144491e+00
4.263389693180144491e+00
4.263389693180144491e+00
4.263389693180144491e+00
4.263389693180144491e+00
4.263389693180144491e+00
4.263389693180144491e+00
4.263389693180144491e+00
4.263298505512292280e+00
4.263298505512292280e+00
4.263298505512292280e+00
4.263298505512292280e+00
4.263298505512292280e+00
4.263298505512292280e+00
4.263298505512292280e+00
4.263222069001851189e+00
4.263222069001851189e+00
4.263222069001851189e+00
4.263222069001851189e+00
4.263222069001851189e+00
4.263222069001851189e+00
4.263222069001851189e+00
4.263222069001851189e+00
4.263110319570968976e+00
4.263110319570968976e+00
4.262962613350447683e+00
4.262925033743279357e+00
4.262925033743279357e+00
4.262925033743279357e+00
4.262925033743279357e+00
4.262753214129417323e+00
4.262753214129417323e+00
4.262753214129417323e+00
4.262753214129417323e+00
4.262753214129417323e+00
4.262724274491062282e+00
4.262724274491062282e+00
4.262724274491062282e+00
4.262724274491062282e+00
4.262724274491062282e+00
4.262724274491062282e+00
4.262724274491062282e+00
4.262722555273735559e+00
4.262722555273735559e+00
4.262722555273735559e+00
4.262722555273735559e+00
4.262722555273735559e+00
4.262722555273735559e+00
4.262722555273735559e+00
4.262722555273735559e+00
4.262722555273735559e+00
4.262722555273735559e+00
4.262722555273735559e+00
4.262722555273735559e+00
4.262646482247332003e+00
4.262646482247332003e+00
4.262646482247332003e+00
4.262602003665588946e+00
4.262602003665588946e+00
4.262602003665588946e+00
4.262602003665588946e+00
4.262602003665588946e+00
4.262602003665588946e+00
4.262506624367864205e+00
4.262506624367864205e+00
4.262467354963452415e+00
4.262467354963452415e+00
4.262467354963452415e+00
4.262467354963452415e+00
4.262467354963452415e+00
4.262467354963452415e+00
4.262459660655586902e+00
4.262459660655586902e+00
4.262459660655586902e+00
4.262459660655586902e+00
4.262459660655586902e+00
4.262459660655586902e+00
4.262459660655586902e+00
4.262459660655586902e+00
4.262459660655586902e+00
4.262459660655586902e+00
4.262459660655586902e+00
4.262459660655586902e+00
4.262459660655586902e+00
4.262203394069658202e+00
4.262203394069658202e+00
4.262203394069658202e+00
4.262203394069658202e+00
4.262203394069658202e+00
4.262203394069658202e+00
4.262203394069658202e+00
4.262203394069658202e+00
4.262203394069658202e+00
4.262203394069658202e+00
4.262203394069658202e+00
4.261983187927840255e+00
4.261983187927840255e+00
4.261748009657337910e+00
4.261748009657337910e+00
4.261748009657337910e+00
4.261575566833251116e+00
4.261575566833251116e+00
4.261575566833251116e+00
4.261575566833251116e+00
4.261575566833251116e+00
4.261550547202236139e+00
4.261550547202236139e+00
4.261501035929278203e+00
4.261501035929278203e+00
4.261501035929278203e+00
4.261501035929278203e+00
4.261270277475579960e+00
4.261270277475579960e+00
4.261270277475579960e+00
4.261270277475579960e+00
4.261270277475579960e+00
4.261270277475579960e+00
4.261270277475579960e+00
4.261270277475579960e+00
4.261270277475579960e+00
4.261270277475579960e+00
4.261270277475579960e+00
4.261270277475579960e+00
4.261270277475579960e+00
4.261270277475579960e+00
4.261270277475579960e+00
4.261270277475579960e+00
4.261270277475579960e+00
4.261270277475579960e+00
4.261270277475579960e+00
4.261270277475579960e+00
4.261270277475579960e+00
4.261187582139624119e+00
4.261187582139624119e+00
4.261166472500240054e+00
4.261163184394120229e+00
4.261163184394120229e+00
4.261163184394120229e+00
4.261163184394120229e+00
4.261163184394120229e+00
4.261163184394120229e+00
4.261163184394120229e+00
4.261163184394120229e+00
4.261163184394120229e+00
4.261163184394120229e+00
4.261163184394120229e+00
4.261163184394120229e+00
4.261109047730397670e+00
4.261109047730397670e+00
4.261079450806226632e+00
4.261079450806226632e+00
4.261079450806226632e+00
4.261079450806226632e+00
4.261079450806226632e+00
4.261079450806226632e+00
4.261079450806226632e+00
4.261079450806226632e+00
4.261079450806226632e+00
4.261079450806226632e+00
4.260986068222898382e+00
4.260986068222898382e+00
4.260986068222898382e+00
4.260986068222898382e+00
4.260986068222898382e+00
4.260986068222898382e+00
4.260986068222898382e+00
4.260986068222898382e+00
4.260986068222898382e+00
4.260986068222898382e+00
4.260986068222898382e+00
4.260986068222898382e+00
4.260986068222898382e+00
4.260986068222898382e+00
4.260930669201276721e+00
4.260930669201276721e+00
4.260890588699537851e+00
4.260890588699537851e+00
4.260890588699537851e+00
4.260890588699537851e+00
4.260890588699537851e+00
4.260890588699537851e+00
4.260890588699537851e+00
4.260890588699537851e+00
4.260890588699537851e+00
4.260890588699537851e+00
4.260890588699537851e+00
4.260890588699537851e+00
4.260890588699537851e+00
4.260890588699537851e+00
4.260890588699537851e+00
4.260870457044597437e+00
4.260870457044597437e+00
4.260814428034193746e+00
4.260814428034193746e+00
4.260814428034193746e+00
4.260814428034193746e+00
4.260814428034193746e+00
4.260814428034193746e+00
4.260814428034193746e+00
4.260814428034193746e+00
4.260814428034193746e+00
4.260814428034193746e+00
4.260801501911029909e+00
4.260801501911029909e+00
4.260801501911029909e+00
4.260801501911029909e+00
4.260801501911029909e+00
4.260801501911029909e+00
4.260768438386745238e+00
4.260714155821308857e+00
4.260714155821308857e+00
4.260714155821308857e+00
4.260714155821308857e+00
4.260656636389487772e+00
4.260656636389487772e+00
4.260656636389487772e+00
4.260537027010571798e+00
4.260537027010571798e+00
4.260537027010571798e+00
4.260537027010571798e+00
4.260537027010571798e+00
4.260537027010571798e+00
4.260537027010571798e+00
4.260537027010571798e+00
4.260537027010571798e+00
4.260537027010571798e+00
4.260537027010571798e+00
4.260537027010571798e+00
4.260537027010571798e+00
4.260537027010571798e+00
4.260537027010571798e+00
4.260537027010571798e+00
4.260487614701292891e+00
4.260487614701292891e+00
4.260487614701292891e+00
4.260487614701292891e+00
4.260487614701292891e+00
4.260487614701292891e+00
4.260487614701292891e+00
4.260487614701292891e+00
4.260487614701292891e+00
4.260487614701292891e+00
4.260487614701292891e+00
4.260487614701292891e+00
4.260487614701292891e+00
4.260487614701292891e+00
4.260487614701292891e+00
4.260487614701292891e+00
4.260487614701292891e+00
4.260487614701292891e+00
4.260487614701292891e+00
4.260487614701292891e+00
4.260463204846067775e+00
4.260463204846067775e+00
4.260463204846067775e+00
4.260463204846067775e+00
4.260419237136050086e+00
4.260419237136050086e+00
4.260419237136050086e+00
4.260419237136050086e+00
4.260419237136050086e+00
4.260419237136050086e+00
4.260394827327615097e+00
4.260394827327615097e+00
4.260382097082041852e+00
4.260382097082041852e+00
4.260382097082041852e+00
4.260382097082041852e+00
4.260382097082041852e+00
4.260382097082041852e+00
4.260382097082041852e+00
4.260382097082041852e+00
4.260382097082041852e+00
4.260382097082041852e+00
4.260382097082041852e+00
4.260342797125348469e+00
4.260342797125348469e+00
4.260241374588698449e+00
4.260241374588698449e+00
4.260241374588698449e+00
4.260241374588698449e+00
4.260241374588698449e+00
4.260241374588698449e+00
4.260241374588698449e+00
4.260241374588698449e+00
4.260241374588698449e+00
4.260241374588698449e+00
4.260241374588698449e+00
4.260241374588698449e+00
4.260241374588698449e+00
4.260241374588698449e+00
4.260241374588698449e+00
4.260241374588698449e+00
4.260241374588698449e+00
4.260241374588698449e+00
4.260225027899844363e+00
4.260225027899844363e+00
4.260225027899844363e+00
4.260225027899844363e+00
4.260225027899844363e+00
4.260225027899844363e+00
4.260225027899844363e+00
4.260225027899844363e+00
4.260225027899844363e+00
4.260225027899844363e+00
4.260225027899844363e+00
4.260225027899844363e+00
4.260225027899844363e+00
4.260225027899844363e+00
4.260225027899844363e+00
4.260225027899844363e+00
4.260225027899844363e+00
4.260225027899844363e+00
4.260225027899844363e+00
4.260225027899844363e+00
4.260225027899844363e+00
4.260179920258565289e+00
4.260179920258565289e+00
4.260179920258565289e+00
4.260179920258565289e+00
4.260179920258565289e+00
4.260179920258565289e+00
4.260179920258565289e+00
4.260179920258565289e+00
4.260171536382249435e+00
4.260171536382249435e+00
4.260171536382249435e+00
4.260171536382249435e+00
4.260171536382249435e+00
4.260160540020028641e+00
4.260160540020028641e+00
4.260160540020028641e+00
4.260160540020028641e+00
4.260160540020028641e+00
4.260160540020028641e+00
4.260160540020028641e+00
4.260139579443641189e+00
4.260139579443641189e+00
4.260139579443641189e+00
4.260139579443641189e+00
4.260139579443641189e+00
4.260139579443641189e+00
4.260139579443641189e+00
4.260139579443641189e+00
4.260138835938171553e+00
4.260138835938171553e+00
4.260138835938171553e+00
4.260127087517262545e+00
4.260127087517262545e+00
4.260127087517262545e+00
4.260127087517262545e+00
4.260127087517262545e+00
4.260127087517262545e+00
4.260127087517262545e+00
4.260127087517262545e+00
4.260127087517262545e+00
4.260127087517262545e+00
4.260127087517262545e+00
4.260127087517262545e+00
4.260115446618631729e+00
4.260115446618631729e+00
4.260115446618631729e+00
4.260115446618631729e+00
4.260115446618631729e+00
4.260115446618631729e+00
4.260115446618631729e+00
4.260115446618631729e+00
4.260115446618631729e+00
4.260115446618631729e+00
4.260115446618631729e+00
4.260115446618631729e+00
4.260115446618631729e+00
4.260115446618631729e+00
4.260115446618631729e+00
4.260115446618631729e+00
4.260115446618631729e+00
4.260115446618631729e+00
4.260115446618631729e+00
4.260115446618631729e+00
4.260115446618631729e+00
4.260115446618631729e+00
4.260115446618631729e+00
4.260115446618631729e+00
4.260115446618631729e+00
4.260115446618631729e+00
4.260115446618631729e+00
4.260115446618631729e+00
4.260115446618631729e+00
4.260115446618631729e+00
4.259965950643007204e+00
4.259965950643007204e+00
4.259965950643007204e+00
4.259965950643007204e+00
4.259965950643007204e+00
4.259904359295062726e+00
4.259904359295062726e+00
4.259904359295062726e+00
4.259749452814124204e+00
4.259749452814124204e+00
4.259749452814124204e+00
4.259749452814124204e+00
4.259749452814124204e+00
4.259749452814124204e+00
4.259749452814124204e+00
4.259749452814124204e+00
4.259749452814124204e+00
4.259749452814124204e+00
4.259749452814124204e+00
4.259749452814124204e+00
4.259749452814124204e+00
4.259749452814124204e+00
4.259749452814124204e+00
4.259749452814124204e+00
4.259749452814124204e+00
4.259749452814124204e+00
4.259667608084657608e+00
4.259667608084657608e+00
4.259667608084657608e+00
4.259667608084657608e+00
4.259654174672110827e+00
4.259654174672110827e+00
4.259654174672110827e+00
4.259654174672110827e+00
4.259552126809257544e+00
4.259552126809257544e+00
4.259552126809257544e+00
4.259552126809257544e+00
4.259552126809257544e+00
4.259552126809257544e+00
4.259552126809257544e+00
4.259552126809257544e+00
4.259552126809257544e+00
4.259552126809257544e+00
4.259552126809257544e+00
4.259552126809257544e+00
4.259552126809257544e+00
4.259552126809257544e+00
4.259552126809257544e+00
4.259552126809257544e+00
4.259552126809257544e+00
4.259552126809257544e+00
4.259552126809257544e+00
4.259552126809257544e+00
4.259552126809257544e+00
4.259552126809257544e+00
4.259552126809257544e+00
4.259552126809257544e+00
4.259552126809257544e+00
4.259552126809257544e+00
4.259489674596104614e+00
4.259489674596104614e+00
4.259489674596104614e+00
4.259489674596104614e+00
4.259489674596104614e+00
4.259489674596104614e+00
4.259489674596104614e+00
4.259489674596104614e+00
4.259489674596104614e+00
4.259489674596104614e+00
4.259489674596104614e+00
4.259489674596104614e+00
4.259489674596104614e+00
4.259489674596104614e+00
4.259489674596104614e+00
4.259478087199193297e+00
4.259478087199193297e+00
4.259478087199193297e+00
4.259478087199193297e+00
4.259478087199193297e+00
4.259478087199193297e+00
4.259469985298727224e+00
4.259469985298727224e+00
4.259469985298727224e+00
4.259469985298727224e+00
4.259461956747622402e+00
4.259381319623063433e+00
4.259381319623063433e+00
4.259381319623063433e+00
4.259381319623063433e+00
4.259381319623063433e+00
4.259381319623063433e+00
4.259381319623063433e+00
4.259374615195245184e+00
4.259374615195245184e+00
4.259374615195245184e+00
4.259374615195245184e+00
4.259374615195245184e+00
4.259374615195245184e+00
4.259374615195245184e+00
4.259374615195245184e+00
4.259374615195245184e+00
4.259374615195245184e+00
4.259374615195245184e+00
4.259356420615023175e+00
4.259356420615023175e+00
4.259356420615023175e+00
4.259356420615023175e+00
4.259356420615023175e+00
4.259356420615023175e+00
4.259356420615023175e+00
4.259356420615023175e+00
4.259356420615023175e+00
4.259356420615023175e+00
4.259356420615023175e+00
4.259356420615023175e+00
4.259356420615023175e+00
4.259356420615023175e+00
4.259356420615023175e+00
4.259356420615023175e+00
4.259356420615023175e+00
4.259356420615023175e+00
4.259356420615023175e+00
4.259356420615023175e+00
4.259356420615023175e+00
4.259356420615023175e+00
4.259356420615023175e+00
4.259356420615023175e+00
4.259356420615023175e+00
4.259356420615023175e+00
4.259356420615023175e+00
4.259356420615023175e+00
4.259356420615023175e+00
4.259356420615023175e+00
4.259356420615023175e+00
4.259356420615023175e+00
4.259356420615023175e+00
4.259356420615023175e+00
4.259356420615023175e+00
4.259356420615023175e+00
4.259356420615023175e+00
4.259356420615023175e+00
4.259356420615023175e+00
4.259356420615023175e+00
4.259356420615023175e+00
4.259355620245563578e+00
4.259355620245563578e+00
4.259355620245563578e+00
4.259355620245563578e+00
4.259310685818560316e+00
4.259310685818560316e+00
4.259310685818560316e+00
4.259310685818560316e+00
4.259310685818560316e+00
4.259310685818560316e+00
4.259310685818560316e+00
4.259310074411343905e+00
4.259310074411343905e+00
4.259310074411343905e+00
4.259310074411343905e+00
4.259310074411343905e+00
4.259310074411343905e+00
4.259157493714492482e+00
4.259108430736699979e+00
4.259108430736699979e+00
4.259108430736699979e+00
4.259108430736699979e+00
4.259108430736699979e+00
4.259108430736699979e+00
4.259108430736699979e+00
4.259108430736699979e+00
4.259108430736699979e+00
4.259108430736699979e+00
4.259108430736699979e+00
4.259108430736699979e+00
4.259108430736699979e+00
4.259108430736699979e+00
4.259108430736699979e+00
4.259108430736699979e+00
4.259108430736699979e+00
4.259108430736699979e+00
4.259107903457468147e+00
4.259107903457468147e+00
4.259107903457468147e+00
4.259107903457468147e+00
4.259107903457468147e+00
4.259107903457468147e+00
4.259107903457468147e+00
4.259107903457468147e+00
4.259107903457468147e+00
4.259107903457468147e+00
4.259107903457468147e+00
4.259073971731385910e+00
4.259039127593075236e+00
4.259039127593075236e+00
4.259039127593075236e+00
4.259039127593075236e+00
4.259039127593075236e+00
4.259039127593075236e+00
4.259039127593075236e+00
4.259039127593075236e+00
4.259039127593075236e+00
4.259039127593075236e+00
4.258992565805355568e+00
4.258992565805355568e+00
4.258992565805355568e+00
4.258992565805355568e+00
4.258992565805355568e+00
4.258992565805355568e+00
4.258992565805355568e+00
4.258992565805355568e+00
4.258992565805355568e+00
4.258992565805355568e+00
4.258992565805355568e+00
4.258992565805355568e+00
4.258992565805355568e+00
4.258992565805355568e+00
4.258992565805355568e+00
4.258992565805355568e+00
4.258992565805355568e+00
4.258992565805355568e+00
4.258992565805355568e+00
4.258992565805355568e+00
4.258992565805355568e+00
4.258992565805355568e+00
4.258992565805355568e+00
4.258914863486168656e+00
4.258914863486168656e+00
4.258914863486168656e+00
4.258914863486168656e+00
4.258914863486168656e+00
4.258914863486168656e+00
4.258914863486168656e+00
4.258914863486168656e+00
4.258914863486168656e+00
4.258914863486168656e+00
4.258897593362428680e+00
4.258890190262306419e+00
4.258890190262306419e+00
4.258890190262306419e+00
4.258890190262306419e+00
4.258890190262306419e+00
4.258890190262306419e+00
4.258890190262306419e+00
4.258890190262306419e+00
4.258890190262306419e+00
4.258890190262306419e+00
4.258890190262306419e+00
4.258885996258474194e+00
4.258885996258474194e+00
4.258885996258474194e+00
4.258885996258474194e+00
4.258885996258474194e+00
4.258874933826207076e+00
4.258874933826207076e+00
4.258874933826207076e+00
4.258854910055320353e+00
4.258854910055320353e+00
4.258854910055320353e+00
4.258854910055320353e+00
4.258854910055320353e+00
4.258854910055320353e+00
4.258854910055320353e+00
4.258854910055320353e+00
4.258854910055320353e+00
4.258819262016196205e+00
4.258819262016196205e+00
4.258819262016196205e+00
4.258819262016196205e+00
4.258819262016196205e+00
4.258819262016196205e+00
4.258819262016196205e+00
4.258819262016196205e+00
4.258819262016196205e+00
4.258819262016196205e+00
4.258819262016196205e+00
4.258819262016196205e+00
4.258819262016196205e+00
4.258819262016196205e+00
4.258819262016196205e+00
4.258819262016196205e+00
4.258819262016196205e+00
4.258819262016196205e+00
4.258819262016196205e+00
4.258819262016196205e+00
4.258819262016196205e+00
4.258819262016196205e+00
4.258819262016196205e+00
4.258819262016196205e+00
4.258819262016196205e+00
4.258819262016196205e+00
4.258819262016196205e+00
4.258819262016196205e+00
4.258819262016196205e+00
4.258819262016196205e+00
4.258819262016196205e+00
4.258819262016196205e+00
4.258819262016196205e+00
4.258819262016196205e+00
4.258819262016196205e+00
4.258819262016196205e+00
4.258819262016196205e+00
4.258819262016196205e+00
4.258819262016196205e+00
4.258819262016196205e+00
4.258795014844682925e+00
4.258795014844682925e+00
4.258776578800961943e+00
4.258776578800961943e+00
4.258776578800961943e+00
4.258776578800961943e+00
4.258776578800961943e+00
4.258776578800961943e+00
4.258776578800961943e+00
4.258776578800961943e+00
4.258768402503290140e+00
4.258753132365447946e+00
4.258729316999196435e+00
4.258729316999196435e+00
4.258729316999196435e+00
4.258729316999196435e+00
4.258729316999196435e+00
4.258729316999196435e+00
4.258729316999196435e+00
4.258729316999196435e+00
4.258729316999196435e+00
4.258729316999196435e+00
4.258729316999196435e+00
4.258729316999196435e+00
4.258720117869759569e+00
4.258720117869759569e+00
4.258720117869759569e+00
4.258720117869759569e+00
4.258720117869759569e+00
4.258720117869759569e+00
4.258720117869759569e+00
4.258720117869759569e+00
4.258720117869759569e+00
4.258720117869759569e+00
4.258720117869759569e+00
4.258720117869759569e+00
4.258720117869759569e+00
4.258720117869759569e+00
4.258720117869759569e+00
4.258720117869759569e+00
4.258720117869759569e+00
4.258720117869759569e+00
4.258708680037450733e+00
4.258708680037450733e+00
4.258708680037450733e+00
4.258708680037450733e+00
4.258708680037450733e+00
4.258708680037450733e+00
4.258708680037450733e+00
4.258708680037450733e+00
4.258708680037450733e+00
4.258708680037450733e+00
4.258708680037450733e+00
4.258708680037450733e+00
4.258708680037450733e+00
4.258708680037450733e+00
4.258708680037450733e+00
4.258708680037450733e+00
4.258708680037450733e+00
4.258708680037450733e+00
4.258708680037450733e+00
4.258708680037450733e+00
4.258708680037450733e+00
4.258708680037450733e+00
4.258708680037450733e+00
4.258708680037450733e+00
4.258708680037450733e+00
4.258606215190344990e+00
4.258606215190344990e+00
4.258606215190344990e+00
4.258594075116207023e+00
4.258594075116207023e+00
4.258594075116207023e+00
4.258594075116207023e+00
4.258594075116207023e+00
4.258594075116207023e+00
4.258594075116207023e+00
4.258594075116207023e+00
4.258594075116207023e+00
4.258594075116207023e+00
4.258594075116207023e+00
4.258594075116207023e+00
4.258594075116207023e+00
4.258594075116207023e+00
4.258594075116207023e+00
4.258594075116207023e+00
4.258594075116207023e+00
4.258594075116207023e+00
4.258594075116207023e+00
4.258594075116207023e+00
4.258594075116207023e+00
4.258594075116207023e+00
4.258594075116207023e+00
4.258594075116207023e+00
4.258593460630050842e+00
4.258593460630050842e+00
4.258593460630050842e+00
4.258593460630050842e+00
4.258593460630050842e+00
4.258593460630050842e+00
4.258593460630050842e+00
4.258593460630050842e+00
4.258593460630050842e+00
4.258593460630050842e+00
4.258593460630050842e+00
4.258593460630050842e+00
4.258593460630050842e+00
4.258593460630050842e+00
4.258593460630050842e+00
4.258593460630050842e+00
4.258593460630050842e+00
4.258593460630050842e+00
4.258593460630050842e+00
4.258593460630050842e+00
4.258593460630050842e+00
4.258593460630050842e+00
4.258593460630050842e+00
4.258593460630050842e+00
4.258593460630050842e+00
4.258593460630050842e+00
