7.641815508987919202e+03
7.205675960909540663e+03
6.763242672717253299e+03
6.379993776027449712e+03
6.067138252668041787e+03
5.851935290846358839e+03
5.712571999871707703e+03
5.490244941368883701e+03
5.299570548856608184e+03
5.139390073289301654e+03
5.009234926563577574e+03
4.870293641328112244e+03
4.700608277765667481e+03
4.572778857287067694e+03
4.447456473642193487e+03
4.320811027120608742e+03
4.171837471152961371e+03
4.029007795672876455e+03
3.915655935236257847e+03
3.821489650770994103e+03
3.685736827659767187e+03
3.575728885152746898e+03
3.477866537101692302e+03
3.348855774075590489e+03
3.247449473159511399e+03
3.137560584633960843e+03
3.037353725605451473e+03
2.920057912529927762e+03
2.833486852718793216e+03
2.735664890693398320e+03
2.649349377577016639e+03
2.568582980541354118e+03
2.485093619170998409e+03
2.399169420655244267e+03
2.335880267761115192e+03
2.249392587832704066e+03
2.177968421877037599e+03
2.097246779279826114e+03
2.014280736060384697e+03
1.951619919273502319e+03
1.870390999906757770e+03
1.814642584253619816e+03
1.755985782122621458e+03
1.694018255443742873e+03
1.634143937561106668e+03
1.573367665591477362e+03
1.525648641982873414e+03
1.470808599832538448e+03
1.407871582987452257e+03
1.355955082181150374e+03
1.297627526579303549e+03
1.232796795194501556e+03
1.187775348237355502e+03
1.143809347266184659e+03
1.114111771137904952e+03
1.062036580599331955e+03
1.013040923988901000e+03
9.721741917026453166e+02
9.358552022497235612e+02
8.809724163841440259e+02
8.548355262155552055e+02
8.120339830236291618e+02
7.738487964656404756e+02
7.404245633028649536e+02
7.084184551551219329e+02
6.712239809882084955e+02
6.434386279605145091e+02
6.055455218778402013e+02
5.804561242149021609e+02
5.442646806368633179e+02
5.153038161991019024e+02
4.884657443778850734e+02
4.680836140589963748e+02
4.409006569078486564e+02
4.203241323452205052e+02
3.967403042328011225e+02
3.763436007393880800e+02
3.528195131654685497e+02
3.348159346716594200e+02
3.159402953978464552e+02
2.978294779835988493e+02
2.783836563498269356e+02
2.572227540920292199e+02
2.435644003172477312e+02
2.271991806982359492e+02
2.124825141918341842e+02
2.025470643961258475e+02
1.879308266571885326e+02
1.739150905482092355e+02
1.606466876449719621e+02
1.478041597274949197e+02
1.355432186000665808e+02
1.282469316817423248e+02
1.236056247200969409e+02
1.160376338413277040e+02
1.054887632058157436e+02
9.724820390080964216e+01
9.010388780699850031e+01
8.048950751934529535e+01
7.575029286063295331e+01
6.934288237961909829e+01
6.380820618939407041e+01
5.970781841976990734e+01
5.503129867292662425e+01
5.274990222286380259e+01
4.707646920334558871e+01
4.399060643216837008e+01
4.062603886635531580e+01
3.733953133638890876e+01
3.445103323838560527e+01
3.227029808504995145e+01
2.934387301654550839e+01
2.754048743708531788e+01
2.553221817774825553e+01
2.413952281942016498e+01
2.204446432345468310e+01
2.063727930352607487e+01
1.957014481167625419e+01
1.835222234833277355e+01
1.768951598300393613e+01
1.694016179809490907e+01
1.590992177552857534e+01
1.487838117015628114e+01
1.413942139854728985e+01
1.400126520310449507e+01
1.300898647237164951e+01
1.277656186842077268e+01
1.244464795261447776e+01
1.183351878801992108e+01
1.131960165122768558e+01
1.071362494205746785e+01
1.014361916708471334e+01
9.837099024770997957e+00
9.498408231785170130e+00
9.229303141424802348e+00
8.960089723582695953e+00
8.548392695209072301e+00
8.311874366158326310e+00
8.123059347614798753e+00
8.061744131705690819e+00
7.913044108607856231e+00
7.841933573413152558e+00
7.510921678186123884e+00
7.301942122694963899e+00
7.222400180661995961e+00
7.186030172205021493e+00
7.082194481187749524e+00
7.003647845073233569e+00
7.003647845073233569e+00
7.000545387715477297e+00
6.973943196933677591e+00
6.973943196933677591e+00
6.583013245138384484e+00
6.583013245138384484e+00
6.468346269871356746e+00
6.439125651439121079e+00
6.399411973227061345e+00
6.279666273321517167e+00
6.200178869563367279e+00
6.120071517091577817e+00
6.083763693840238851e+00
6.067539922729890733e+00
5.912726687923219870e+00
5.884766551435052229e+00
5.871386033255529213e+00
5.832164432822292355e+00
5.817366144115921678e+00
5.763828668318234705e+00
5.761875761912330418e+00
5.753874282480125224e+00
5.696960461443707047e+00
5.695987069231811972e+00
5.680957689703320490e+00
5.680957689703320490e+00
5.656978921359128165e+00
5.562066382539703646e+00
5.559487182621675849e+00
5.559487182621675849e+00
5.430781071393548487e+00
5.420709725652275601e+00
5.415040326005652993e+00
5.410043667895408248e+00
5.410043667895408248e+00
5.373549600642232527e+00
5.373549600642232527e+00
5.313938556335254582e+00
5.187262281196235669e+00
5.159448986541072202e+00
5.159448986541072202e+00
5.131317315993214834e+00
5.073014639570884832e+00
5.073014639570884832e+00
5.073014639570884832e+00
5.018260589678123829e+00
4.977000335430935785e+00
4.972166866458220369e+00
4.964761796407689332e+00
4.953130179373966158e+00
4.931747686318363577e+00
4.931747686318363577e+00
4.931747686318363577e+00
4.931747686318363577e+00
4.909035234594278485e+00
4.834250153790064175e+00
4.742057572302370794e+00
4.710710847048829031e+00
4.710710847048829031e+00
4.710710847048829031e+00
4.710710847048829031e+00
4.710710847048829031e+00
4.658571370626927610e+00
4.623096792109962827e+00
4.623096792109962827e+00
4.616167625620927417e+00
4.601956027438945718e+00
4.601956027438945718e+00
4.601956027438945718e+00
4.601956027438945718e+00
4.601956027438945718e+00
4.547996734878433145e+00
4.459952883359347808e+00
4.459952883359347808e+00
4.459952883359347808e+00
4.459952883359347808e+00
4.431536604630051279e+00
4.385856465137586646e+00
4.385856465137586646e+00
4.385856465137586646e+00
4.371067628592607335e+00
4.361161479910532712e+00
4.361161479910532712e+00
4.361161479910532712e+00
4.348856037096454408e+00
4.348856037096454408e+00
4.288101613585614480e+00
4.258391512454128502e+00
4.251999637808922650e+00
4.251999637808922650e+00
4.215808455042733272e+00
4.215808455042733272e+00
4.211592744613169792e+00
4.211592744613169792e+00
4.186498747329080672e+00
4.186498747329080672e+00
4.186498747329080672e+00
4.186498747329080672e+00
4.186498747329080672e+00
4.186498747329080672e+00
4.165243467788729781e+00
4.165243467788729781e+00
4.151158274039421947e+00
4.151158274039421947e+00
4.151158274039421947e+00
4.105097067567214708e+00
4.094089714154859116e+00
4.094089714154859116e+00
4.085917127893926803e+00
4.085917127893926803e+00
4.085917127893926803e+00
4.085917127893926803e+00
4.085917127893926803e+00
4.053723717716476216e+00
4.002862594339116953e+00
4.002862594339116953e+00
3.949965663122090742e+00
3.949965663122090742e+00
3.949965663122090742e+00
3.924833215078201931e+00
3.924833215078201931e+00
3.924833215078201931e+00
3.924833215078201931e+00
3.893542578604272997e+00
3.850853606169642784e+00
3.850853606169642784e+00
3.850853606169642784e+00
3.767413775002686371e+00
3.767413775002686371e+00
3.767413775002686371e+00
3.767413775002686371e+00
3.767413775002686371e+00
3.749045535975398469e+00
3.749045535975398469e+00
3.749045535975398469e+00
3.749045535975398469e+00
3.746908931256510922e+00
3.746908931256510922e+00
3.735471590350033733e+00
3.735471590350033733e+00
3.717948786909239800e+00
3.717948786909239800e+00
3.717948786909239800e+00
3.697946294153988234e+00
3.697946294153988234e+00
3.697946294153988234e+00
3.697946294153988234e+00
3.697946294153988234e+00
3.697683406152599161e+00
3.697683406152599161e+00
3.697683406152599161e+00
3.666115226128188187e+00
3.666115226128188187e+00
3.666115226128188187e+00
3.639491003914758771e+00
3.621893470922312730e+00
3.606133429143945968e+00
3.606133429143945968e+00
3.606133429143945968e+00
3.606133429143945968e+00
3.606133429143945968e+00
3.605753925371029123e+00
3.549231840355562273e+00
3.549231840355562273e+00
3.545338596148194465e+00
3.524851894453568057e+00
3.491127548799293212e+00
3.491127548799293212e+00
3.463852074409729642e+00
3.463852074409729642e+00
3.463852074409729642e+00
3.463852074409729642e+00
3.463852074409729642e+00
3.450550938985558869e+00
3.450550938985558869e+00
3.450550938985558869e+00
3.450550938985558869e+00
3.450550938985558869e+00
3.450550938985558869e+00
3.450550938985558869e+00
3.450550938985558869e+00
3.450550938985558869e+00
3.450550938985558869e+00
3.442515050760830864e+00
3.442515050760830864e+00
3.442515050760830864e+00
3.381561070009635017e+00
3.381561070009635017e+00
3.381561070009635017e+00
3.364070602537596155e+00
3.364070602537596155e+00
3.364070602537596155e+00
3.364070602537596155e+00
3.364070602537596155e+00
3.348532492099768554e+00
3.319178248808168252e+00
3.319178248808168252e+00
3.319178248808168252e+00
3.319178248808168252e+00
3.301181197980479265e+00
3.301181197980479265e+00
3.301181197980479265e+00
3.301181197980479265e+00
3.301181197980479265e+00
3.301181197980479265e+00
3.301181197980479265e+00
3.301181197980479265e+00
3.301181197980479265e+00
3.294705705816292518e+00
3.290450104684389476e+00
3.290450104684389476e+00
3.290450104684389476e+00
3.259813677240340546e+00
3.259813677240340546e+00
3.259813677240340546e+00
3.259813677240340546e+00
3.259813677240340546e+00
3.259813677240340546e+00
3.259813677240340546e+00
3.259813677240340546e+00
3.259813677240340546e+00
3.259813677240340546e+00
3.259813677240340546e+00
3.259813677240340546e+00
3.259813677240340546e+00
3.259688736382098995e+00
3.259688736382098995e+00
3.259688736382098995e+00
3.259688736382098995e+00
3.259688736382098995e+00
3.255946557330331448e+00
3.255946557330331448e+00
3.255946557330331448e+00
3.255946557330331448e+00
3.255946557330331448e+00
3.255946557330331448e+00
3.254605515501457269e+00
3.254605515501457269e+00
3.254605515501457269e+00
3.254605515501457269e+00
3.254605515501457269e+00
3.254605515501457269e+00
3.243930071494021572e+00
3.243930071494021572e+00
3.243930071494021572e+00
3.243583781329968829e+00
3.243583781329968829e+00
3.243583781329968829e+00
3.243583781329968829e+00
3.195774973872675062e+00
3.195774973872675062e+00
3.195774973872675062e+00
3.195774973872675062e+00
3.195774973872675062e+00
3.195774973872675062e+00
3.171980515972387060e+00
3.171980515972387060e+00
3.171603061067595597e+00
3.171603061067595597e+00
3.171603061067595597e+00
3.171603061067595597e+00
3.171603061067595597e+00
3.171603061067595597e+00
3.171603061067595597e+00
3.171603061067595597e+00
3.141273185837933024e+00
3.141273185837933024e+00
3.106407126000920726e+00
3.106407126000920726e+00
3.106407126000920726e+00
3.106407126000920726e+00
3.106407126000920726e+00
3.089119577723106413e+00
3.089119577723106413e+00
3.089119577723106413e+00
3.088485955912146697e+00
3.088485955912146697e+00
3.088485955912146697e+00
3.075741879920370625e+00
3.075741879920370625e+00
3.075741879920370625e+00
3.075741879920370625e+00
3.075741879920370625e+00
3.075741879920370625e+00
3.075741879920370625e+00
3.075741879920370625e+00
3.075741879920370625e+00
3.075741879920370625e+00
3.075741879920370625e+00
3.075741879920370625e+00
3.075741879920370625e+00
3.075741879920370625e+00
3.075741879920370625e+00
3.075741879920370625e+00
3.075741879920370625e+00
3.075741879920370625e+00
3.065590550550683524e+00
3.060220531049260728e+00
3.052033588038055356e+00
3.052033588038055356e+00
3.052033588038055356e+00
3.052033588038055356e+00
3.052033588038055356e+00
3.052033588038055356e+00
3.052033588038055356e+00
3.052033588038055356e+00
3.052033588038055356e+00
3.052033588038055356e+00
3.045988621987203437e+00
3.045988621987203437e+00
3.045988621987203437e+00
3.039574155519495058e+00
3.039574155519495058e+00
3.014164660322019351e+00
3.014164660322019351e+00
2.997786878124073962e+00
2.997786878124073962e+00
2.976834322272712718e+00
2.976834322272712718e+00
2.974802850183332126e+00
2.974802850183332126e+00
2.974802850183332126e+00
2.974802850183332126e+00
2.974802850183332126e+00
2.974802850183332126e+00
2.974802850183332126e+00
2.974802850183332126e+00
2.974802850183332126e+00
2.974802850183332126e+00
2.974802850183332126e+00
2.974802850183332126e+00
2.974802850183332126e+00
2.974802850183332126e+00
2.974802850183332126e+00
2.974802850183332126e+00
2.974802850183332126e+00
2.974802850183332126e+00
2.974802850183332126e+00
2.974802850183332126e+00
2.974802850183332126e+00
2.974802850183332126e+00
2.974802850183332126e+00
2.974802850183332126e+00
2.974802850183332126e+00
2.974802850183332126e+00
2.974802850183332126e+00
2.974802850183332126e+00
2.974802850183332126e+00
2.974802850183332126e+00
2.974802850183332126e+00
2.974802850183332126e+00
2.974802850183332126e+00
2.974802850183332126e+00
2.974802850183332126e+00
2.974802850183332126e+00
2.974802850183332126e+00
2.969179172122186738e+00
2.969179172122186738e+00
2.969179172122186738e+00
2.969179172122186738e+00
2.969179172122186738e+00
2.969179172122186738e+00
2.969179172122186738e+00
2.969179172122186738e+00
2.969179172122186738e+00
2.969179172122186738e+00
2.969179172122186738e+00
2.969179172122186738e+00
2.969179172122186738e+00
2.969179172122186738e+00
2.969179172122186738e+00
2.949011241864337940e+00
2.949011241864337940e+00
2.949011241864337940e+00
2.949011241864337940e+00
2.939093489519923441e+00
2.939093489519923441e+00
2.939093489519923441e+00
2.939093489519923441e+00
2.939093489519923441e+00
2.939093489519923441e+00
2.939093489519923441e+00
2.939093489519923441e+00
2.939093489519923441e+00
2.939093489519923441e+00
2.939093489519923441e+00
2.936553747878992482e+00
2.936553747878992482e+00
2.900902031557062610e+00
2.900902031557062610e+00
2.900902031557062610e+00
2.894795906970505595e+00
2.894795906970505595e+00
2.894795906970505595e+00
2.894795906970505595e+00
2.890804342100592894e+00
2.890804342100592894e+00
2.890804342100592894e+00
2.890804342100592894e+00
2.890804342100592894e+00
2.890804342100592894e+00
2.890804342100592894e+00
2.890804342100592894e+00
2.890804342100592894e+00
2.856477090342167902e+00
2.853987634406861762e+00
2.853987634406861762e+00
2.834503355051816609e+00
2.834503355051816609e+00
2.834503355051816609e+00
2.834503355051816609e+00
2.814733035433997443e+00
2.814733035433997443e+00
2.814733035433997443e+00
2.814733035433997443e+00
2.814733035433997443e+00
2.814733035433997443e+00
2.814733035433997443e+00
2.814733035433997443e+00
2.814733035433997443e+00
2.814733035433997443e+00
2.814733035433997443e+00
2.814733035433997443e+00
2.814733035433997443e+00
2.814733035433997888e+00
2.814733035433997443e+00
2.814733035433997443e+00
2.814733035433997443e+00
2.814733035433997443e+00
2.814733035433997443e+00
2.814733035433997443e+00
2.814733035433997443e+00
2.814733035433997443e+00
2.814733035433997888e+00
2.802129888028231708e+00
2.802129888028231708e+00
2.802129888028231708e+00
2.802129888028231708e+00
2.779819105764186560e+00
2.779819105764186560e+00
2.779819105764186560e+00
2.779819105764186560e+00
2.742416933254785860e+00
2.742416933254785860e+00
2.742416933254785860e+00
2.742416933254785860e+00
2.742416933254785860e+00
2.742416933254785860e+00
2.742416933254785860e+00
2.742416933254785860e+00
2.742416933254785860e+00
2.742416933254785860e+00
2.742416933254785860e+00
2.742416933254785860e+00
2.742416933254785860e+00
2.742416933254785860e+00
2.742416933254785860e+00
2.742416933254785860e+00
2.742416933254786304e+00
2.742416933254785860e+00
2.742416933254785860e+00
2.742416933254785860e+00
2.742416933254785860e+00
2.742416933254785860e+00
2.742416933254785860e+00
2.742416933254785860e+00
2.742416933254785860e+00
2.731526637512670330e+00
2.731526637512670330e+00
2.731526637512670330e+00
2.731526637512670330e+00
2.702864159203419270e+00
2.702864159203419270e+00
2.702864159203419270e+00
2.702864159203419270e+00
2.702864159203419270e+00
2.690065361392909082e+00
2.690065361392909082e+00
2.690065361392909082e+00
2.690065361392909082e+00
2.690065361392909082e+00
2.690065361392909082e+00
2.690065361392909082e+00
2.690065361392909082e+00
2.690065361392909082e+00
2.690065361392909082e+00
2.690065361392909082e+00
2.690065361392909082e+00
2.683049462025787424e+00
2.663497881044457394e+00
2.663497881044457394e+00
2.663497881044457838e+00
2.663497881044457394e+00
2.663497881044457394e+00
2.663497881044457394e+00
2.663497881044457394e+00
2.662219773013738244e+00
2.662219773013738244e+00
2.643903903026717295e+00
2.611934104794494171e+00
2.611934104794494171e+00
2.611934104794494171e+00
2.611934104794494171e+00
2.611934104794494171e+00
2.602193581580525272e+00
2.602193581580524828e+00
2.587468008772005668e+00
2.587468008772005668e+00
2.587468008772005668e+00
2.587468008772005668e+00
2.587468008772005668e+00
2.587468008772005668e+00
2.587468008772005668e+00
2.587468008772005668e+00
2.587468008772005668e+00
2.587468008772005668e+00
2.587468008772005668e+00
2.587468008772005668e+00
2.587468008772005668e+00
2.587468008772005668e+00
2.587468008772005668e+00
2.587468008772005668e+00
2.587468008772005668e+00
2.587468008772005668e+00
2.587468008772005668e+00
2.587468008772005668e+00
2.587468008772005668e+00
2.587468008772005668e+00
2.587468008772005668e+00
2.587468008772005668e+00
2.587468008772005668e+00
2.563883811872970320e+00
2.562278425537545701e+00
2.562278425537545701e+00
2.562278425537545701e+00
2.562278425537545701e+00
2.562278425537545701e+00
2.562278425537545701e+00
2.562278425537545701e+00
2.562278425537545701e+00
2.562278425537545701e+00
2.549274429069255277e+00
2.549274429069255277e+00
2.549274429069255277e+00
2.549274429069255277e+00
2.549274429069255277e+00
2.549274429069255277e+00
2.549274429069255277e+00
2.549274429069255277e+00
2.549274429069255277e+00
2.549274429069255277e+00
2.549274429069255277e+00
2.549274429069255277e+00
2.549274429069255277e+00
2.549274429069255277e+00
2.549274429069255277e+00
2.549274429069255277e+00
2.549274429069255277e+00
2.549274429069255277e+00
2.549274429069255277e+00
2.549274429069255277e+00
2.546905915029013201e+00
2.546905915029013201e+00
2.546905915029013201e+00
2.546905915029013201e+00
2.546905915029013201e+00
2.546905915029013201e+00
2.546905915029013201e+00
2.546905915029013201e+00
2.546905915029013201e+00
2.546905915029013201e+00
2.546905915029013201e+00
2.546905915029013201e+00
2.546398489190520475e+00
2.546398489190520920e+00
2.546398489190520920e+00
2.546398489190520920e+00
2.536331088051186455e+00
2.536331088051186455e+00
2.536331088051186455e+00
2.536331088051186455e+00
2.525793890224538263e+00
2.525793890224538263e+00
2.525793890224538263e+00
2.525793890224538263e+00
2.525793890224538263e+00
2.525793890224538263e+00
2.524066699033862715e+00
2.524066699033861827e+00
2.524066699033862715e+00
2.524066699033862715e+00
2.524066699033862715e+00
2.524066699033862715e+00
2.524066699033862715e+00
2.524066699033862715e+00
2.524066699033862715e+00
2.524066699033862715e+00
2.524066699033862715e+00
2.524066699033862715e+00
2.524066699033862715e+00
2.524066699033862715e+00
2.524066699033862715e+00
2.515010545155921040e+00
2.515010545155921040e+00
2.515010545155921040e+00
2.515010545155921040e+00
2.515010545155921040e+00
2.515010545155921040e+00
2.515010545155921040e+00
2.515010545155921040e+00
2.515010545155921040e+00
2.504891091725996333e+00
2.504891091725996333e+00
2.504891091725996333e+00
2.504891091725996333e+00
2.503794557376443297e+00
2.503794557376443297e+00
2.503794557376443297e+00
2.503794557376443297e+00
2.503794557376443297e+00
2.503794557376443297e+00
2.503794557376443297e+00
2.503794557376443297e+00
2.503794557376443297e+00
2.503794557376443297e+00
2.503794557376443297e+00
2.491356499214724796e+00
2.491356499214724796e+00
2.491356499214724796e+00
2.491356499214724796e+00
2.491356499214724796e+00
2.491356499214724796e+00
2.482598628220645587e+00
2.482598628220645587e+00
2.482598628220645587e+00
2.482598628220645587e+00
2.466102998158493875e+00
2.466102998158493875e+00
2.466102998158493875e+00
2.466102998158493875e+00
2.466102998158493875e+00
2.466102998158493875e+00
2.466102998158493875e+00
2.466102998158493875e+00
2.466102998158493875e+00
2.466102998158493875e+00
2.466102998158493875e+00
2.455487181083719328e+00
2.455487181083719328e+00
2.444412714543736431e+00
2.444412714543736431e+00
2.444412714543736431e+00
2.444412714543736431e+00
2.444412714543736431e+00
2.444412714543736431e+00
2.444412714543736431e+00
2.444412714543736431e+00
2.444412714543736431e+00
2.444412714543736431e+00
2.444412714543736431e+00
2.444412714543736431e+00
2.444412714543736431e+00
2.444412714543736431e+00
2.444412714543736431e+00
2.444412714543736431e+00
2.444412714543736431e+00
2.439047517707293444e+00
2.439047517707293444e+00
2.439047517707293444e+00
2.428732710283237672e+00
2.428732710283237672e+00
2.428732710283237672e+00
2.428732710283237672e+00
2.428732710283237672e+00
2.428732710283237672e+00
2.428732710283237672e+00
2.428732710283237672e+00
2.428732710283237672e+00
2.428732710283237672e+00
2.428732710283237672e+00
2.428732710283237672e+00
2.428732710283237672e+00
2.428732710283237672e+00
2.419335728935709362e+00
2.419335728935709362e+00
2.419335728935709362e+00
2.419335728935709362e+00
2.415447694737213435e+00
2.415447694737213435e+00
2.415447694737213435e+00
2.415447694737213435e+00
2.415447694737213435e+00
2.415447694737213435e+00
2.415447694737213435e+00
2.415447694737213435e+00
2.415447694737213435e+00
2.415447694737213435e+00
2.415447694737213435e+00
2.415447694737213435e+00
2.415447694737213435e+00
2.415447694737213435e+00
2.415447694737213435e+00
2.415447694737213435e+00
2.415447694737213435e+00
2.398341901836908541e+00
2.398341901836908541e+00
2.398341901836908541e+00
2.398341901836908541e+00
2.376997323062937095e+00
2.376997323062937095e+00
2.376997323062937095e+00
2.376997323062937095e+00
2.376997323062937095e+00
2.376997323062937095e+00
2.376997323062937095e+00
2.376997323062937095e+00
2.376997323062937095e+00
2.376997323062937095e+00
2.369889002880660733e+00
2.369889002880660733e+00
2.369889002880660733e+00
2.369889002880660733e+00
2.369889002880660733e+00
2.369889002880660733e+00
2.369889002880660733e+00
2.369889002880660733e+00
2.369889002880660733e+00
2.369889002880660733e+00
2.369889002880660733e+00
2.369889002880660733e+00
2.353732765295159179e+00
2.353732765295159179e+00
2.353732765295159179e+00
2.353732765295159179e+00
2.353732765295159179e+00
2.353732765295159179e+00
2.353732765295159179e+00
2.353732765295159179e+00
2.353732765295159179e+00
2.353732765295159179e+00
2.353732765295159179e+00
2.353732765295159179e+00
2.353732765295159179e+00
2.353732765295159179e+00
2.353732765295159179e+00
2.351515095857580118e+00
2.351515095857580118e+00
2.351515095857580118e+00
2.351515095857580118e+00
2.351515095857580118e+00
2.351515095857580118e+00
2.351515095857580118e+00
2.351515095857580118e+00
2.351515095857580118e+00
2.351515095857580118e+00
2.351515095857580118e+00
2.351515095857580118e+00
2.351515095857580118e+00
2.351515095857580118e+00
2.351515095857580118e+00
2.348938857225121968e+00
2.348938857225121968e+00
2.348938857225121968e+00
2.348938857225121968e+00
2.348938857225121968e+00
2.348938857225121968e+00
2.336664350287964265e+00
2.310934886144068390e+00
2.310934886144068390e+00
2.310934886144068390e+00
2.310934886144068390e+00
2.310934886144068390e+00
2.310934886144068390e+00
2.310934886144068390e+00
2.310934886144068390e+00
2.310934886144068390e+00
2.310934886144068390e+00
2.310934886144068390e+00
2.310934886144068390e+00
2.310934886144068390e+00
2.310934886144068390e+00
2.310934886144068390e+00
2.310934886144068390e+00
2.310934886144068390e+00
2.310934886144068390e+00
2.293241477185565369e+00
2.293241477185565369e+00
2.293241477185565369e+00
2.293241477185565369e+00
2.293241477185565369e+00
2.293241477185565369e+00
2.293241477185565369e+00
2.293241477185565369e+00
2.293241477185565369e+00
2.293241477185565369e+00
2.293241477185565369e+00
2.293241477185565369e+00
2.293241477185565369e+00
2.293241477185565369e+00
2.293241477185565369e+00
2.293241477185565369e+00
2.276261350888503010e+00
2.276261350888503010e+00
2.276261350888503010e+00
2.276261350888503010e+00
2.276261350888503010e+00
2.276261350888503010e+00
2.276261350888503010e+00
2.276261350888503010e+00
2.276261350888503010e+00
2.276261350888503010e+00
2.276261350888503010e+00
2.276261350888503010e+00
2.276261350888503010e+00
2.276261350888503010e+00
2.276261350888503010e+00
2.276261350888503010e+00
2.276261350888503010e+00
2.276261350888503010e+00
2.272197881117359763e+00
2.272197881117359763e+00
2.272197881117359763e+00
2.272197881117359763e+00
2.252112657484858449e+00
2.252112657484858449e+00
2.252112657484858449e+00
2.252112657484858449e+00
2.252112657484858449e+00
2.252112657484858449e+00
2.252112657484858449e+00
2.252112657484858449e+00
2.252112657484858449e+00
2.252112657484858449e+00
2.252112657484858449e+00
2.252112657484858449e+00
2.252112657484858449e+00
2.252112657484858449e+00
2.252112657484858449e+00
2.252112657484858449e+00
2.252112657484858449e+00
2.252112657484858449e+00
2.252112657484858449e+00
2.252112657484858449e+00
2.252112657484858449e+00
2.252112657484858449e+00
2.252112657484858449e+00
2.250259713071231626e+00
2.250259713071231626e+00
2.250259713071231626e+00
2.250259713071231626e+00
2.250259713071231626e+00
2.250259713071231626e+00
