9.306756604052171156e+01
5.030785134522535884e+01
2.833609189103980341e+01
1.727349731184557768e+01
1.123955781996326486e+01
6.433600226839614855e+00
3.135663782359607410e+00
8.628776485250629902e-01
4.700031671537883704e-01
3.470099300039033441e-01
2.563722665822489866e-01
1.931476900090374482e-01
1.515882948341386038e-01
1.404365185248845627e-01
1.253762608335634021e-01
5.912734352857257347e-02
5.156569598268260363e-02
4.746408427939406705e-02
4.649590953423445722e-02
4.191208527588035498e-02
3.970769096360313166e-02
3.561067875062583210e-02
3.219434862226459165e-02
3.043023136399425690e-02
2.782957288068625343e-02
2.618024043996133171e-02
2.618024043996133171e-02
2.502169828201939589e-02
2.331378151082191819e-02
2.023279268011639667e-02
1.906963187705215668e-02
1.853474928727580004e-02
1.803395117885393806e-02
1.781412079512390348e-02
1.695299405076699378e-02
1.630508766310375182e-02
1.474232909561959924e-02
1.369673107750731672e-02
1.366515616738899278e-02
1.323553571627460873e-02
1.323553571627460873e-02
1.308175941420474699e-02
1.308175941420474699e-02
1.297751576171723292e-02
1.295966187469462828e-02
1.294436489240803276e-02
1.265264420821860664e-02
1.259117480856777015e-02
1.086898685254228045e-02
1.083740050404290861e-02
1.065215401801905895e-02
9.471482734309744772e-03
9.450603532277076710e-03
8.923237167185142996e-03
8.860761443447899913e-03
8.860761443447899913e-03
8.860761443447899913e-03
8.661857912193116418e-03
8.661857912193116418e-03
8.126631523986268049e-03
8.126631523986268049e-03
7.965226031576191912e-03
7.965226031576191912e-03
7.915071873528030377e-03
7.866744260401419345e-03
7.697665558500450984e-03
7.456011324829686822e-03
7.255102569189375572e-03
7.255102569189375572e-03
7.180926742805963242e-03
6.781275839682398068e-03
6.733186936163162994e-03
6.668419663695350497e-03
6.668419663695350497e-03
6.668419663695350497e-03
6.438646786963273319e-03
6.232644358069213027e-03
6.232644358069213027e-03
5.458226323305418945e-03
5.449593613647885949e-03
5.320989476537502962e-03
5.268190027432602049e-03
5.141776522828079253e-03
5.141776522828079253e-03
5.102299556900409712e-03
5.102299556900409712e-03
5.102299556900409712e-03
5.015384711335699013e-03
4.831690352737197554e-03
4.814330607578264087e-03
4.814330607578264087e-03
4.811687424724671487e-03
4.694713299791012859e-03
4.441998523137659881e-03
4.334140189702312233e-03
4.334140189702312233e-03
4.334140189702312233e-03
4.100281330515403132e-03
4.100281330515403132e-03
4.061950983438633415e-03
4.061950983438633415e-03
4.061950983438633415e-03
4.061950983438633415e-03
4.061950983438633415e-03
3.944732718744436636e-03
3.866904061805830420e-03
3.843032015405848604e-03
3.730713964405568510e-03
3.730713964405568510e-03
3.608719219686481496e-03
3.475567920734125814e-03
3.367815221206255268e-03
3.367815221206255268e-03
3.367815221206255268e-03
3.367815221206255268e-03
3.367815221206255268e-03
3.367815221206255268e-03
3.247299136769559585e-03
3.247299136769559585e-03
3.247299136769559585e-03
3.247299136769559585e-03
3.247299136769559585e-03
3.247299136769559585e-03
3.247299136769559585e-03
3.210375681338099776e-03
3.141344661363697222e-03
3.003679938112603642e-03
2.924036863987566903e-03
2.924036863987566903e-03
2.924036863987566903e-03
2.924036863987566903e-03
2.768399772674335919e-03
2.738896427465132514e-03
2.738896427465132514e-03
2.738896427465132514e-03
2.738896427465132514e-03
2.738896427465132514e-03
2.738896427465132514e-03
2.737289233542852980e-03
2.689883547902787060e-03
2.689883547902787060e-03
2.648813514434332234e-03
2.648813514434332234e-03
2.648813514434332234e-03
2.648813514434332234e-03
2.648813514434332234e-03
2.648813514434332234e-03
2.596885677248524787e-03
2.547819989355364773e-03
2.516291556644341225e-03
2.455828796795503019e-03
2.455828796795503019e-03
2.455828796795503019e-03
2.455828796795503019e-03
2.455828796795503019e-03
2.455828796795503019e-03
2.430070928960058069e-03
2.430070928960058069e-03
2.289183384253785231e-03
2.289183384253785231e-03
2.289183384253785231e-03
2.289183384253785231e-03
2.268350254084060356e-03
2.268350254084060356e-03
2.226681001002138796e-03
2.226681001002138796e-03
2.226681001002138796e-03
2.226681001002138796e-03
2.168155394622429087e-03
2.168155394622429087e-03
2.149019902525000757e-03
2.149019902525000757e-03
2.149019902525000757e-03
1.996101147097185686e-03
1.996101147097185686e-03
1.996101147097185686e-03
1.987096872852032233e-03
1.987096872852032233e-03
1.987096872852032233e-03
1.971721827121588298e-03
1.863250294576903558e-03
1.833099119999824240e-03
1.822513484802802935e-03
1.822513484802802935e-03
1.822513484802802935e-03
1.822513484802802935e-03
1.822513484802802935e-03
1.822513484802802935e-03
1.822513484802802935e-03
1.771635036685465349e-03
1.771635036685465349e-03
1.762132755993773246e-03
1.709371504390714202e-03
1.577476816483086184e-03
1.577476816483086184e-03
1.577476816483086184e-03
1.577476816483086184e-03
1.542657181938225566e-03
1.542657181938225566e-03
1.542657181938225566e-03
1.542657181938225566e-03
1.532631722421442990e-03
1.532631722421442990e-03
1.532631722421442990e-03
1.532631722421442990e-03
1.532631722421442990e-03
1.532631722421442990e-03
1.532631722421442990e-03
1.532631722421442990e-03
1.473127270551632386e-03
1.473127270551632386e-03
1.473127270551632386e-03
1.464557365157396953e-03
1.464557365157396953e-03
1.381829349615965735e-03
1.381829349615965735e-03
1.381829349615965735e-03
1.360049335385512875e-03
1.360049335385512875e-03
1.360049335385512875e-03
1.360049335385512875e-03
1.360049335385512875e-03
1.360049335385512875e-03
1.360049335385512875e-03
1.360049335385512875e-03
1.360049335385512875e-03
1.360049335385512875e-03
1.360049335385512875e-03
1.360049335385512875e-03
1.360049335385512875e-03
1.356331655246629641e-03
1.356331655246629641e-03
1.356331655246629641e-03
1.356331655246629641e-03
1.356331655246629641e-03
1.356331655246629641e-03
1.356331655246629641e-03
1.284169300929556383e-03
1.284169300929556383e-03
1.284169300929556383e-03
1.284169300929556383e-03
1.284169300929556383e-03
1.284169300929556383e-03
1.244263452357873825e-03
1.244263452357873825e-03
1.244263452357873825e-03
1.244263452357873825e-03
1.200076467613059176e-03
1.200076467613059176e-03
1.200076467613059176e-03
1.185680057242658901e-03
1.185680057242658901e-03
1.185680057242658901e-03
1.166715969019958051e-03
1.166715969019958051e-03
1.166715969019958051e-03
1.166715969019958051e-03
1.166715969019958051e-03
1.166715969019958051e-03
1.166715969019958051e-03
1.158201328027474736e-03
1.158201328027474736e-03
1.158201328027474736e-03
1.158201328027474736e-03
1.158201328027474736e-03
1.141882764501338417e-03
1.121069360103618727e-03
1.121069360103618727e-03
1.121069360103618727e-03
1.121069360103618727e-03
1.121069360103618727e-03
1.121069360103618727e-03
1.121069360103618727e-03
1.121069360103618727e-03
1.121069360103618727e-03
1.121069360103618727e-03
1.121069360103618727e-03
1.121069360103618727e-03
1.121069360103618727e-03
1.075748916518397703e-03
1.075748916518397703e-03
1.075748916518397703e-03
1.075748916518397703e-03
1.075748916518397703e-03
1.075748916518397703e-03
1.075748916518397703e-03
1.062122980214348471e-03
1.062122980214348471e-03
1.062122980214348471e-03
1.062122980214348471e-03
1.062122980214348471e-03
1.062122980214348471e-03
1.062122980214348471e-03
1.062122980214348471e-03
1.055893562124765594e-03
1.055893562124765594e-03
1.055893562124765594e-03
1.055893562124765594e-03
9.949834086032127451e-04
9.949834086032127451e-04
9.949834086032127451e-04
9.949834086032127451e-04
9.949834086032127451e-04
9.949834086032127451e-04
9.949834086032127451e-04
9.949834086032127451e-04
9.949834086032127451e-04
9.949834086032127451e-04
9.949834086032127451e-04
9.949834086032127451e-04
9.949834086032127451e-04
9.949834086032127451e-04
9.949834086032127451e-04
9.949834086032127451e-04
9.949834086032127451e-04
9.775906623838851242e-04
9.435713132870436962e-04
9.435713132870436962e-04
9.435713132870436962e-04
9.342909498364664793e-04
9.342909498364664793e-04
9.342909498364664793e-04
9.342909498364664793e-04
9.342909498364664793e-04
9.342909498364664793e-04
9.342909498364664793e-04
9.342909498364664793e-04
9.342909498364664793e-04
9.342909498364664793e-04
9.342909498364664793e-04
9.342909498364664793e-04
9.342909498364664793e-04
9.342909498364664793e-04
9.342909498364664793e-04
8.768082743443425704e-04
8.607772269557449575e-04
8.607772269557449575e-04
8.607772269557449575e-04
8.607772269557449575e-04
8.607772269557449575e-04
8.590417515520977400e-04
8.590417515520977400e-04
8.590417515520977400e-04
8.590417515520977400e-04
8.590417515520977400e-04
8.590417515520977400e-04
8.590417515520977400e-04
8.590417515520977400e-04
8.590417515520977400e-04
8.187472615904256307e-04
8.187472615904256307e-04
8.187472615904256307e-04
8.187472615904256307e-04
8.187472615904256307e-04
8.187472615904256307e-04
7.895461106297226332e-04
7.895461106297226332e-04
7.895461106297226332e-04
7.895461106297226332e-04
7.895461106297226332e-04
7.895461106297226332e-04
7.619402887508600411e-04
7.619402887508600411e-04
7.619402887508600411e-04
7.619402887508600411e-04
7.619402887508600411e-04
7.619402887508600411e-04
7.619402887508600411e-04
7.619402887508600411e-04
7.619402887508600411e-04
7.619402887508600411e-04
7.619402887508600411e-04
7.619402887508600411e-04
7.397895484283859577e-04
7.397895484283859577e-04
7.397895484283859577e-04
7.397895484283859577e-04
7.397895484283859577e-04
7.397895484283859577e-04
7.397895484283859577e-04
7.397895484283859577e-04
7.397895484283859577e-04
7.397895484283859577e-04
7.397895484283859577e-04
7.397895484283859577e-04
7.397895484283859577e-04
7.397895484283859577e-04
7.397895484283859577e-04
7.397895484283859577e-04
7.397895484283859577e-04
7.397895484283859577e-04
7.358646345171207309e-04
7.358646345171207309e-04
7.358646345171207309e-04
7.358646345171207309e-04
7.358646345171207309e-04
7.358646345171207309e-04
7.358646345171207309e-04
7.358646345171207309e-04
6.970416473597437421e-04
6.970416473597437421e-04
6.970416473597437421e-04
6.970416473597437421e-04
6.970416473597437421e-04
6.970416473597437421e-04
6.970416473597437421e-04
6.970416473597437421e-04
6.970416473597437421e-04
6.970416473597437421e-04
6.970416473597437421e-04
6.970416473597437421e-04
6.970416473597437421e-04
6.970416473597437421e-04
6.970416473597437421e-04
6.970416473597437421e-04
6.970416473597437421e-04
6.970416473597437421e-04
6.970416473597437421e-04
6.970416473597437421e-04
6.970416473597437421e-04
6.970416473597437421e-04
6.970416473597437421e-04
6.970416473597437421e-04
6.970416473597437421e-04
6.970416473597437421e-04
6.970416473597437421e-04
6.970416473597437421e-04
6.970416473597437421e-04
6.970416473597437421e-04
6.970416473597437421e-04
6.970416473597437421e-04
6.970416473597437421e-04
6.970416473597437421e-04
6.970416473597437421e-04
6.970416473597437421e-04
6.970416473597437421e-04
6.970416473597437421e-04
6.970416473597437421e-04
6.560190414658710828e-04
6.560190414658710828e-04
6.560190414658710828e-04
6.560190414658710828e-04
6.560190414658710828e-04
6.560190414658710828e-04
6.560190414658710828e-04
6.560190414658710828e-04
6.560190414658710828e-04
6.560190414658710828e-04
6.560190414658710828e-04
6.560190414658710828e-04
6.560190414658710828e-04
6.560190414658710828e-04
6.560190414658710828e-04
6.560190414658710828e-04
6.560190414658710828e-04
6.560190414658710828e-04
6.560190414658710828e-04
6.560190414658710828e-04
6.560190414658710828e-04
6.560190414658710828e-04
6.523035226848605816e-04
6.523035226848605816e-04
6.523035226848605816e-04
6.523035226848605816e-04
6.523035226848605816e-04
6.523035226848605816e-04
6.523035226848605816e-04
6.523035226848605816e-04
6.523035226848605816e-04
6.523035226848605816e-04
6.457215916964064231e-04
6.457215916964064231e-04
6.457215916964064231e-04
6.144512691808394185e-04
6.144512691808394185e-04
6.142696644531042693e-04
6.142696644531042693e-04
6.142696644531042693e-04
6.142696644531042693e-04
6.142696644531042693e-04
6.142696644531042693e-04
6.142696644531042693e-04
6.142696644531042693e-04
6.142696644531042693e-04
6.142696644531042693e-04
6.142696644531042693e-04
6.142696644531042693e-04
6.142696644531042693e-04
6.142696644531042693e-04
6.142696644531042693e-04
6.142696644531042693e-04
6.142696644531042693e-04
6.142696644531042693e-04
6.142696644531042693e-04
6.142696644531042693e-04
6.142696644531042693e-04
6.142696644531042693e-04
6.142696644531042693e-04
6.142696644531042693e-04
6.142696644531042693e-04
6.142696644531042693e-04
6.142696644531042693e-04
6.142696644531042693e-04
6.142696644531042693e-04
6.142696644531042693e-04
6.142696644531042693e-04
6.142696644531042693e-04
6.142696644531042693e-04
6.142696644531042693e-04
6.142696644531042693e-04
6.142696644531042693e-04
6.142696644531042693e-04
6.142696644531042693e-04
6.142696644531042693e-04
6.142696644531042693e-04
6.142696644531042693e-04
6.142696644531042693e-04
6.142696644531042693e-04
6.088324372217580535e-04
6.088324372217580535e-04
6.088324372217580535e-04
6.088324372217580535e-04
6.088324372217580535e-04
6.088324372217580535e-04
6.088324372217580535e-04
6.088324372217580535e-04
6.088324372217580535e-04
6.088324372217580535e-04
6.088324372217580535e-04
6.088324372217580535e-04
6.088324372217580535e-04
6.088324372217580535e-04
6.088324372217580535e-04
6.088324372217580535e-04
6.088324372217580535e-04
6.088324372217580535e-04
6.088324372217580535e-04
6.088324372217580535e-04
6.088324372217580535e-04
6.088324372217580535e-04
6.088324372217580535e-04
6.088324372217580535e-04
6.088324372217580535e-04
6.088324372217580535e-04
6.088324372217580535e-04
5.904402628129678046e-04
5.904402628129678046e-04
5.904402628129678046e-04
5.904402628129678046e-04
5.752854325175005799e-04
5.752854325175005799e-04
5.752854325175005799e-04
5.752854325175005799e-04
5.752854325175005799e-04
5.752854325175005799e-04
5.752854325175005799e-04
5.752854325175005799e-04
5.752854325175005799e-04
5.752854325175005799e-04
5.752854325175005799e-04
5.752854325175005799e-04
5.752854325175005799e-04
5.752854325175005799e-04
5.752854325175005799e-04
5.752854325175005799e-04
5.752854325175005799e-04
5.752854325175005799e-04
5.752854325175005799e-04
5.752854325175005799e-04
5.752854325175005799e-04
5.752854325175005799e-04
5.752854325175005799e-04
5.752854325175005799e-04
5.752854325175005799e-04
5.702436966725831294e-04
5.702436966725831294e-04
5.702436966725831294e-04
5.702436966725831294e-04
5.702436966725831294e-04
5.702436966725831294e-04
5.702436966725831294e-04
5.702436966725831294e-04
5.674649363248706647e-04
5.616372233474771535e-04
5.616372233474771535e-04
5.616372233474771535e-04
5.616372233474771535e-04
5.616372233474771535e-04
5.616372233474771535e-04
5.616372233474771535e-04
5.616372233474771535e-04
5.616372233474771535e-04
5.616372233474771535e-04
5.616372233474771535e-04
5.616372233474771535e-04
5.616372233474771535e-04
5.616372233474771535e-04
5.616372233474771535e-04
5.616372233474771535e-04
5.616372233474771535e-04
5.429328746337360812e-04
5.429328746337360812e-04
5.219825517465725203e-04
5.219825517465725203e-04
5.219825517465725203e-04
5.219825517465725203e-04
5.219825517465725203e-04
5.219825517465725203e-04
5.219825517465725203e-04
5.219825517465725203e-04
5.219825517465725203e-04
5.219825517465725203e-04
5.219825517465725203e-04
5.219825517465725203e-04
5.219825517465725203e-04
5.219825517465725203e-04
5.219825517465725203e-04
5.219825517465725203e-04
5.219825517465725203e-04
5.219825517465725203e-04
5.219825517465725203e-04
5.219825517465725203e-04
5.219825517465725203e-04
5.219825517465725203e-04
5.219825517465725203e-04
5.104513868663134888e-04
5.062967107531391158e-04
5.062967107531391158e-04
5.062967107531391158e-04
5.062967107531391158e-04
5.062967107531391158e-04
5.062967107531391158e-04
5.062967107531391158e-04
5.062967107531391158e-04
4.872612153617722616e-04
4.872612153617722616e-04
4.839840466906801509e-04
4.839840466906801509e-04
4.839840466906801509e-04
4.839840466906801509e-04
4.839840466906801509e-04
4.813092449277671099e-04
4.813092449277671099e-04
4.813092449277671099e-04
4.813092449277671099e-04
4.813092449277671099e-04
4.813092449277671099e-04
4.813092449277671099e-04
4.813092449277671099e-04
4.813092449277671099e-04
4.813092449277671099e-04
4.813092449277671099e-04
4.813092449277671099e-04
4.813092449277671099e-04
4.813092449277671099e-04
4.813092449277671099e-04
4.813092449277671099e-04
4.813092449277671099e-04
4.813092449277671099e-04
4.813092449277671099e-04
4.813092449277671099e-04
4.813092449277671099e-04
4.813092449277671099e-04
4.813092449277671099e-04
4.813092449277671099e-04
4.813092449277671099e-04
4.813092449277671099e-04
4.813092449277671099e-04
4.813092449277671099e-04
4.813092449277671099e-04
4.813092449277671099e-04
4.813092449277671099e-04
4.813092449277671099e-04
4.813092449277671099e-04
4.813092449277671099e-04
4.813092449277671099e-04
4.813092449277671099e-04
4.813092449277671099e-04
4.813092449277671099e-04
4.813092449277671099e-04
4.813092449277671099e-04
4.813092449277671099e-04
4.813092449277671099e-04
4.813092449277671099e-04
4.813092449277671099e-04
4.813092449277671099e-04
4.813092449277671099e-04
4.813092449277671099e-04
4.813092449277671099e-04
4.813092449277671099e-04
4.813092449277671099e-04
4.813092449277671099e-04
4.813092449277671099e-04
4.813092449277671099e-04
4.813092449277671099e-04
4.813092449277671099e-04
4.813092449277671099e-04
4.813092449277671099e-04
4.813092449277671099e-04
4.813092449277671099e-04
4.813092449277671099e-04
4.813092449277671099e-04
4.813092449277671099e-04
4.813092449277671099e-04
4.813092449277671099e-04
4.813092449277671099e-04
4.813092449277671099e-04
4.813092449277671099e-04
4.813092449277671099e-04
4.813092449277671099e-04
4.813092449277671099e-04
4.813092449277671099e-04
4.813092449277671099e-04
4.813092449277671099e-04
4.813092449277671099e-04
4.813092449277671099e-04
4.813092449277671099e-04
4.813092449277671099e-04
4.813092449277671099e-04
4.813092449277671099e-04
4.813092449277671099e-04
4.813092449277671099e-04
4.813092449277671099e-04
4.813092449277671099e-04
4.813092449277671099e-04
4.813092449277671099e-04
4.813092449277671099e-04
4.813092449277671099e-04
4.813092449277671099e-04
4.813092449277671099e-04
4.813092449277671099e-04
4.813092449277671099e-04
4.813092449277671099e-04
4.813092449277671099e-04
4.813092449277671099e-04
4.813092449277671099e-04
4.813092449277671099e-04
4.813092449277671099e-04
4.813092449277671099e-04
4.813092449277671099e-04
4.813092449277671099e-04
4.813092449277671099e-04
4.813092449277671099e-04
4.813092449277671099e-04
4.813092449277671099e-04
4.813092449277671099e-04
4.813092449277671099e-04
4.813092449277671099e-04
4.813092449277671099e-04
4.813092449277671099e-04
4.813092449277671099e-04
4.813092449277671099e-04
4.813092449277671099e-04
4.813092449277671099e-04
4.813092449277671099e-04
4.813092449277671099e-04
4.812661991554348698e-04
4.812661991554348698e-04
4.812661991554348698e-04
4.812661991554348698e-04
4.812661991554348698e-04
4.812661991554348698e-04
4.812661991554348698e-04
4.812661991554348698e-04
4.812661991554348698e-04
4.812661991554348698e-04
4.812661991554348698e-04
4.812661991554348698e-04
4.812661991554348698e-04
4.812661991554348698e-04
4.812661991554348698e-04
4.812661991554348698e-04
4.812661991554348698e-04
4.812661991554348698e-04
4.812661991554348698e-04
4.812661991554348698e-04
4.797086698955336528e-04
4.797086698955336528e-04
4.797086698955336528e-04
4.797086698955336528e-04
4.797086698955336528e-04
4.797086698955336528e-04
4.797086698955336528e-04
4.797086698955336528e-04
4.797086698955336528e-04
4.797086698955336528e-04
4.797086698955336528e-04
4.797086698955336528e-04
4.797086698955336528e-04
4.797086698955336528e-04
4.797086698955336528e-04
4.797086698955336528e-04
4.797086698955336528e-04
4.797086698955336528e-04
4.797086698955336528e-04
4.797086698955336528e-04
4.797086698955336528e-04
4.797086698955336528e-04
4.797086698955336528e-04
4.797086698955336528e-04
4.703507427717902763e-04
4.691453858278433293e-04
4.578370969666451093e-04
4.578370969666451093e-04
4.578370969666451093e-04
4.578370969666451093e-04
4.578370969666451093e-04
4.578370969666451093e-04
4.545253749032486935e-04
4.545253749032486935e-04
4.545253749032486935e-04
4.545253749032486935e-04
4.527258429440209129e-04
4.527258429440209129e-04
4.527258429440209129e-04
4.527258429440209129e-04
4.527258429440209129e-04
4.527258429440209129e-04
4.527258429440209129e-04
4.527258429440209129e-04
4.527258429440209129e-04
4.527258429440209129e-04
4.527258429440209129e-04
4.527258429440209129e-04
4.527258429440209129e-04
4.527258429440209129e-04
4.527258429440209129e-04
4.527258429440209129e-04
4.527258429440209129e-04
4.527258429440209129e-04
4.527258429440209129e-04
4.428859877186690198e-04
4.428859877186690198e-04
4.428859877186690198e-04
4.428859877186690198e-04
4.428859877186690198e-04
4.428859877186690198e-04
4.428859877186690198e-04
4.428859877186690198e-04
4.428859877186690198e-04
4.428859877186690198e-04
4.428859877186690198e-04
4.428859877186690198e-04
4.259246348006925855e-04
4.259246348006925855e-04
4.259246348006925855e-04
4.259246348006925855e-04
4.259246348006925855e-04
4.259246348006925855e-04
4.256572689741335686e-04
4.256572689741335686e-04
4.256572689741335686e-04
4.256572689741335686e-04
4.256572689741335686e-04
4.256572689741335686e-04
4.256572689741335686e-04
4.256572689741335686e-04
4.256572689741335686e-04
4.256572689741335686e-04
4.256572689741335686e-04
4.256572689741335686e-04
4.256572689741335686e-04
4.256572689741335686e-04
4.256572689741335686e-04
4.256572689741335686e-04
4.256572689741335686e-04
4.256572689741335686e-04
4.256572689741335686e-04
4.256572689741335686e-04
4.256572689741335686e-04
4.256572689741335686e-04
4.256572689741335686e-04
4.256572689741335686e-04
4.256572689741335686e-04
4.256572689741335686e-04
4.256572689741335686e-04
4.256572689741335686e-04
4.256572689741335686e-04
4.256572689741335686e-04
4.256572689741335686e-04
4.256572689741335686e-04
4.256572689741335686e-04
4.256572689741335686e-04
4.256572689741335686e-04
4.256572689741335686e-04
4.256572689741335686e-04
4.256572689741335686e-04
4.256572689741335686e-04
4.256572689741335686e-04
4.256572689741335686e-04
4.256572689741335686e-04
4.256572689741335686e-04
4.256572689741335686e-04
4.256572689741335686e-04
4.256572689741335686e-04
4.256572689741335686e-04
4.256572689741335686e-04
4.256572689741335686e-04
4.256572689741335686e-04
4.256572689741335686e-04
4.256572689741335686e-04
4.256572689741335686e-04
4.256572689741335686e-04
4.256572689741335686e-04
4.256572689741335686e-04
4.256572689741335686e-04
4.256572689741335686e-04
4.256572689741335686e-04
4.256572689741335686e-04
4.256572689741335686e-04
4.256572689741335686e-04
4.256572689741335686e-04
4.256572689741335686e-04
4.256572689741335686e-04
4.256572689741335686e-04
4.256572689741335686e-04
4.256572689741335686e-04
4.250295970605605508e-04
4.250295970605605508e-04
4.250295970605605508e-04
4.250295970605605508e-04
4.250295970605605508e-04
4.250295970605605508e-04
4.250295970605605508e-04
4.250295970605605508e-04
4.238900758611733092e-04
4.238900758611733092e-04
4.238900758611733092e-04
4.238900758611733092e-04
4.238900758611733092e-04
4.238900758611733092e-04
4.238900758611733092e-04
4.238900758611733092e-04
4.238900758611733092e-04
4.238900758611733092e-04
4.238900758611733092e-04
4.238900758611733092e-04
4.238900758611733092e-04
4.238900758611733092e-04
4.238900758611733092e-04
4.238900758611733092e-04
4.238900758611733092e-04
4.164766414888555670e-04
4.164766414888555670e-04
4.164766414888555670e-04
4.164766414888555670e-04
4.164766414888555670e-04
4.164766414888555670e-04
4.164766414888555670e-04
4.164766414888555670e-04
4.164766414888555670e-04
4.164766414888555670e-04
4.164766414888555670e-04
4.164766414888555670e-04
4.164766414888555670e-04
4.164766414888555670e-04
4.164766414888555670e-04
4.164766414888555670e-04
4.164766414888555670e-04
4.164766414888555670e-04
4.164766414888555670e-04
4.164766414888555670e-04
4.164766414888555670e-04
4.164766414888555670e-04
4.164766414888555670e-04
4.164766414888555670e-04
4.164766414888555670e-04
4.164766414888555670e-04
4.164766414888555670e-04
4.164766414888555670e-04
4.164766414888555670e-04
4.164766414888555670e-04
4.164766414888555670e-04
4.164766414888555670e-04
4.164766414888555670e-04
4.164766414888555670e-04
4.164766414888555670e-04
4.164766414888555670e-04
4.164766414888555670e-04
4.164766414888555670e-04
4.164766414888555670e-04
4.164766414888555670e-04
4.164766414888555670e-04
4.164766414888555670e-04
4.164766414888555670e-04
4.164766414888555670e-04
4.164766414888555670e-04
4.164766414888555670e-04
4.164766414888555670e-04
4.164766414888555670e-04
4.164766414888555670e-04
4.164766414888555670e-04
4.164766414888555670e-04
4.164766414888555670e-04
4.164766414888555670e-04
3.986096774070244813e-04
3.954001650531519885e-04
3.954001650531519885e-04
3.954001650531519885e-04
3.954001650531519885e-04
