1.516698547037542824e+02
1.197308570735227846e+02
9.383959310019355371e+01
6.181399234364041462e+01
4.595376196328852814e+01
3.469964623713519103e+01
2.922395896251331138e+01
2.090223926762373452e+01
1.624603755556048768e+01
1.274283456804724679e+01
9.965095303890892708e+00
8.463505272853888428e+00
6.641508940072765377e+00
5.437482213183632673e+00
4.036861050377205551e+00
3.274100932435375366e+00
2.360987461835422074e+00
2.220025847316746681e+00
2.003663230998467881e+00
1.831824056877281892e+00
1.531985976251074577e+00
7.930091573910199587e-01
6.590676751330646344e-01
4.022896051435370102e-01
3.308328236436550163e-01
3.304103588954411808e-01
1.370732777929531965e-01
1.310902396369880707e-01
5.870582762634504043e-02
7.441962028721326415e-03
6.951404216876840708e-03
6.757779120898792929e-03
5.078659629423796194e-03
4.879989259999699229e-03
4.761910652196293774e-03
4.209995495380232725e-03
4.209995495380232725e-03
3.629358547797499699e-03
3.629358547797499699e-03
3.459306023134946749e-03
3.459306023134946749e-03
3.437448327931031788e-03
3.354186038442477820e-03
3.326846081885529664e-03
3.319822549650107164e-03
3.283459460673758979e-03
3.120173396562601290e-03
3.120173396562601290e-03
3.057128706359435455e-03
2.890104208865286722e-03
2.782249051406057022e-03
2.782249051406057022e-03
2.765799734970418935e-03
2.644663450936109855e-03
2.629056516068475555e-03
2.616318326158538835e-03
2.563110202140260214e-03
2.428199322197292960e-03
2.428199322197292960e-03
2.271453762648100155e-03
2.271453762648100155e-03
2.248938545388419561e-03
2.212244141425540479e-03
2.126083290289447827e-03
2.126083290289447827e-03
2.107864098940238039e-03
2.107864098940238039e-03
1.935203168392151708e-03
1.895022277264557780e-03
1.821836029117040448e-03
1.784078409714846391e-03
1.709802677363073033e-03
1.709802677363073033e-03
1.709802677363073033e-03
1.476186032224337773e-03
1.476186032224337773e-03
1.472867586247106082e-03
1.451747202306772656e-03
1.330502985755892178e-03
1.322877825167685997e-03
1.292731159344830388e-03
1.193861851412097346e-03
1.143046905424710677e-03
1.126691655822001283e-03
1.126691655822001283e-03
1.089630036509159914e-03
1.089630036509159914e-03
1.081160955171374784e-03
1.081160955171374784e-03
1.046946708231867021e-03
1.023980189258696461e-03
1.023980189258696461e-03
1.023980189258696461e-03
1.023980189258696461e-03
9.986646522855946971e-04
9.566448640261087820e-04
9.566448640261087820e-04
9.566448640261087820e-04
9.443236640547683722e-04
9.443236640547683722e-04
9.078607601854766585e-04
9.078607601854766585e-04
9.078607601854766585e-04
9.078607601854766585e-04
8.364041850052886598e-04
8.351341507628095347e-04
8.351341507628095347e-04
8.159560449035895870e-04
8.159560449035895870e-04
8.159560449035895870e-04
8.020388452580079356e-04
8.020388452580079356e-04
8.020388452580079356e-04
8.020388452580079356e-04
8.020388452580079356e-04
8.020388452580079356e-04
7.912095507204046840e-04
7.912095507204046840e-04
7.912095507204046840e-04
7.730378588549309321e-04
7.730378588549309321e-04
7.262638972087651773e-04
7.262638972087651773e-04
7.262638972087651773e-04
7.184694946102790662e-04
7.184694946102790662e-04
6.960390887948452506e-04
6.960390887948452506e-04
6.904214092040038882e-04
6.904214092040038882e-04
6.904214092040038882e-04
6.904214092040038882e-04
6.904214092040038882e-04
6.904214092040038882e-04
6.904214092040038882e-04
6.904214092040038882e-04
6.904214092040038882e-04
6.904214092040038882e-04
6.577571178371164999e-04
6.577571178371164999e-04
6.577571178371164999e-04
6.577571178371164999e-04
6.577571178371164999e-04
6.577571178371164999e-04
6.577571178371164999e-04
6.577571178371164999e-04
6.577571178371164999e-04
6.577571178371164999e-04
6.577571178371164999e-04
6.577571178371164999e-04
6.247763580841267589e-04
6.247763580841267589e-04
6.118246766435750080e-04
6.118246766435750080e-04
6.118246766435750080e-04
6.118246766435750080e-04
6.118246766435750080e-04
6.118246766435750080e-04
6.118246766435750080e-04
6.118246766435750080e-04
5.982882523081864846e-04
5.871478451552445028e-04
5.871478451552445028e-04
5.871478451552445028e-04
5.871478451552445028e-04
5.871478451552445028e-04
5.871478451552445028e-04
5.871478451552445028e-04
5.871478451552445028e-04
5.871478451552445028e-04
5.871478451552445028e-04
5.871478451552445028e-04
5.762603195528433761e-04
5.762603195528433761e-04
5.762603195528433761e-04
5.411568387573567488e-04
5.411568387573567488e-04
5.411568387573567488e-04
5.249340076275922553e-04
5.249340076275922553e-04
5.249340076275922553e-04
5.249340076275922553e-04
5.249340076275922553e-04
5.249340076275922553e-04
5.249340076275922553e-04
5.249340076275922553e-04
5.178324827507001715e-04
5.178324827507001715e-04
5.178324827507001715e-04
5.178324827507001715e-04
5.178324827507001715e-04
5.178324827507001715e-04
5.150913892419775901e-04
5.150913892419775901e-04
5.150913892419775901e-04
5.052443695757681714e-04
4.794581220331636741e-04
4.717337980756766756e-04
4.717337980756766756e-04
4.478708502974724126e-04
4.478708502974724126e-04
4.478708502974724126e-04
4.478708502974724126e-04
4.478708502974724126e-04
4.478708502974724126e-04
4.478708502974724126e-04
4.478708502974724126e-04
4.478708502974724126e-04
4.478708502974724126e-04
4.478708502974724126e-04
4.478708502974724126e-04
4.478708502974724126e-04
4.478708502974724126e-04
4.472904786559732371e-04
4.472904786559732371e-04
4.472904786559732371e-04
4.445105813741234962e-04
4.445105813741234962e-04
4.445105813741234962e-04
4.445105813741234962e-04
4.445105813741234962e-04
4.444324453813538437e-04
4.444324453813538437e-04
4.444324453813538437e-04
4.290199884573943248e-04
4.290199884573943248e-04
4.290199884573943248e-04
4.253331398534136959e-04
4.253331398534136959e-04
4.088265546875381891e-04
4.088265546875381891e-04
4.088265546875381891e-04
4.088265546875381891e-04
4.088265546875381891e-04
4.088265546875381891e-04
4.088265546875381891e-04
4.030697987898337431e-04
4.030697987898337431e-04
4.020345803510013663e-04
4.020345803510013663e-04
4.020345803510013663e-04
4.020345803510013663e-04
3.939639300447910679e-04
3.939639300447910679e-04
3.939639300447910679e-04
3.939639300447910679e-04
3.939639300447910679e-04
3.939639300447910679e-04
3.939639300447910679e-04
3.939639300447910679e-04
3.939639300447910679e-04
3.939639300447910679e-04
3.752214455227088040e-04
3.752214455227088040e-04
3.603193628212502070e-04
3.603193628212502070e-04
3.603193628212502070e-04
3.572291048527074402e-04
3.572291048527074402e-04
3.499313976830949993e-04
3.385885921766336481e-04
3.383887649947297941e-04
3.359699430301161084e-04
3.359699430301161084e-04
3.359699430301161084e-04
3.359699430301161084e-04
3.359699430301161084e-04
3.359699430301161084e-04
3.359699430301161084e-04
3.359699430301161084e-04
3.196450142492686147e-04
3.196450142492686147e-04
3.151987606761573577e-04
3.151987606761573577e-04
3.151987606761573577e-04
3.151987606761573577e-04
3.151987606761573577e-04
3.151987606761573577e-04
3.151987606761573577e-04
3.151987606761573577e-04
3.151987606761573577e-04
3.151987606761573577e-04
3.151987606761573577e-04
3.151987606761573577e-04
3.151987606761573577e-04
3.151987606761573577e-04
3.151987606761573577e-04
3.151987606761573577e-04
3.151987606761573577e-04
3.151987606761573577e-04
3.114472870968969980e-04
3.002348520691184132e-04
2.970234561556195623e-04
2.840557908416708674e-04
2.840557908416708674e-04
2.840557908416708674e-04
2.840557908416708674e-04
2.840557908416708674e-04
2.840557908416708674e-04
2.840557908416708674e-04
2.840557908416708674e-04
2.840557908416708674e-04
2.840557908416708674e-04
2.840557908416708674e-04
2.840557908416708674e-04
2.840557908416708674e-04
2.830197484602685570e-04
2.830197484602685570e-04
2.830197484602685570e-04
2.830197484602685570e-04
2.762425701485640510e-04
2.706930531107276400e-04
2.706930531107276400e-04
2.706930531107276400e-04
2.706930531107276400e-04
2.706930531107276400e-04
2.706930531107276400e-04
2.706930531107276400e-04
2.706930531107276400e-04
2.706930531107276400e-04
2.706930531107276400e-04
2.706930531107276400e-04
2.706930531107276400e-04
2.706930531107276400e-04
2.706930531107276400e-04
2.706930531107276400e-04
2.706930531107276400e-04
2.706930531107276400e-04
2.706930531107276400e-04
2.706930531107276400e-04
2.706930531107276400e-04
2.706930531107276400e-04
2.706930531107276400e-04
2.706930531107276400e-04
2.706930531107276400e-04
2.706930531107276400e-04
2.706930531107276400e-04
2.706930531107276400e-04
2.706930531107276400e-04
2.668536709913772622e-04
2.668536709913772622e-04
2.643072342468088826e-04
2.643072342468088826e-04
2.643072342468088826e-04
2.643072342468088826e-04
2.643072342468088826e-04
2.643072342468088826e-04
2.643072342468088826e-04
2.631428896679563934e-04
2.631428896679563934e-04
2.631428896679563934e-04
2.631428896679563934e-04
2.631428896679563934e-04
2.625756536232591674e-04
2.625756536232591674e-04
2.625756536232591674e-04
2.625756536232591674e-04
2.625756536232591674e-04
2.625756536232591674e-04
2.625756536232591674e-04
2.465521222576376415e-04
2.406927301737426823e-04
2.406927301737426823e-04
2.406927301737426823e-04
2.406927301737426823e-04
2.406927301737426823e-04
2.406927301737426823e-04
2.406927301737426823e-04
2.406927301737426823e-04
2.406927301737426823e-04
2.406927301737426823e-04
2.406927301737426823e-04
2.406927301737426823e-04
2.406927301737426823e-04
2.402457257480417833e-04
2.328414294340166286e-04
2.328414294340166286e-04
2.328414294340166286e-04
2.328414294340166286e-04
2.298078979016932684e-04
2.298078979016932684e-04
2.298078979016932684e-04
2.295278139085359592e-04
2.295278139085359592e-04
2.295278139085359592e-04
2.295278139085359592e-04
2.295278139085359592e-04
2.295278139085359592e-04
2.295278139085359592e-04
2.292769514663266976e-04
2.292769514663266976e-04
2.292769514663266976e-04
2.292769514663266976e-04
2.292769514663266976e-04
2.292769514663266976e-04
2.292769514663266976e-04
2.292769514663266976e-04
2.292769514663266976e-04
2.292769514663266976e-04
2.292769514663266976e-04
2.292769514663266976e-04
2.159711760578589073e-04
2.159711760578589073e-04
2.159711760578589073e-04
2.159711760578589073e-04
2.159711760578589073e-04
2.159711760578589073e-04
2.074440260686265475e-04
2.074440260686265475e-04
2.073818958267253801e-04
2.073818958267253801e-04
1.975398579155156946e-04
1.975398579155156946e-04
1.975398579155156946e-04
1.975398579155156946e-04
1.975398579155156946e-04
1.975398579155156946e-04
1.975398579155156946e-04
1.975398579155156946e-04
1.946469473770829576e-04
1.946469473770829576e-04
1.946469473770829576e-04
1.946469473770829576e-04
1.946469473770829576e-04
1.946469473770829576e-04
1.946469473770829576e-04
1.946469473770829576e-04
1.946469473770829576e-04
1.946469473770829576e-04
1.946469473770829576e-04
1.946469473770829576e-04
1.946469473770829576e-04
1.946469473770829576e-04
1.946469473770829576e-04
1.946469473770829576e-04
1.946469473770829576e-04
1.946469473770829576e-04
1.945933393295829449e-04
1.945933393295829449e-04
1.920317568416361070e-04
1.920317568416361070e-04
1.920317568416361070e-04
1.920317568416361070e-04
1.920317568416361070e-04
1.920317568416361070e-04
1.920317568416361070e-04
1.920317568416361070e-04
1.920317568416361070e-04
1.802481939426913739e-04
1.802481939426913739e-04
1.802481939426913739e-04
1.802481939426913739e-04
1.802481939426913739e-04
1.802481939426913739e-04
1.802481939426913739e-04
1.802481939426913739e-04
1.802481939426913739e-04
1.802481939426913739e-04
1.802481939426913739e-04
1.802481939426913739e-04
1.802481939426913739e-04
1.802481939426913739e-04
1.802481939426913739e-04
1.802481939426913739e-04
1.802481939426913739e-04
1.802481939426913739e-04
1.802481939426913739e-04
1.802481939426913739e-04
1.802481939426913739e-04
1.802481939426913739e-04
1.802481939426913739e-04
1.802481939426913739e-04
1.802481939426913739e-04
1.802481939426913739e-04
1.802481939426913739e-04
1.802481939426913739e-04
1.754071237379392569e-04
1.754071237379392569e-04
1.739612679603164895e-04
1.739612679603164895e-04
1.739612679603164895e-04
1.739612679603164895e-04
1.739612679603164895e-04
1.739612679603164895e-04
1.739612679603164895e-04
1.739612679603164895e-04
1.739612679603164895e-04
1.739612679603164895e-04
1.739612679603164895e-04
1.739612679603164895e-04
1.739612679603164895e-04
1.739612679603164895e-04
1.739612679603164895e-04
1.739612679603164895e-04
1.739612679603164895e-04
1.739612679603164895e-04
1.739612679603164895e-04
1.739612679603164895e-04
1.739612679603164895e-04
1.739612679603164895e-04
1.739612679603164895e-04
1.739612679603164895e-04
1.739612679603164895e-04
1.739612679603164895e-04
1.739612679603164895e-04
1.739612679603164895e-04
1.739612679603164895e-04
1.739612679603164895e-04
1.739612679603164895e-04
1.739612679603164895e-04
1.739612679603164895e-04
1.739612679603164895e-04
1.739612679603164895e-04
1.739612679603164895e-04
1.739612679603164895e-04
1.739612679603164895e-04
1.739612679603164895e-04
1.739612679603164895e-04
1.720304477764918476e-04
1.720304477764918476e-04
1.720304477764918476e-04
1.720304477764918476e-04
1.720304477764918476e-04
1.720304477764918476e-04
1.720304477764918476e-04
1.720304477764918476e-04
1.720304477764918476e-04
1.719846464129882394e-04
1.719846464129882394e-04
1.719846464129882394e-04
1.719846464129882394e-04
1.719846464129882394e-04
1.719846464129882394e-04
1.719846464129882394e-04
1.719846464129882394e-04
1.719846464129882394e-04
1.719846464129882394e-04
1.719846464129882394e-04
1.719846464129882394e-04
1.719846464129882394e-04
1.719846464129882394e-04
1.719846464129882394e-04
1.719846464129882394e-04
1.719846464129882394e-04
1.719846464129882394e-04
1.661313045915716632e-04
1.661313045915716632e-04
1.661313045915716632e-04
1.661313045915716632e-04
1.661313045915716632e-04
1.661313045915716632e-04
1.643914725985170752e-04
1.643914725985170752e-04
1.643914725985170752e-04
1.643914725985170752e-04
1.643914725985170752e-04
1.643914725985170752e-04
1.643914725985170752e-04
1.643914725985170752e-04
1.643914725985170752e-04
1.643914725985170752e-04
1.643914725985170752e-04
1.643914725985170752e-04
1.606970257609298305e-04
1.606970257609298305e-04
1.606970257609298305e-04
1.606970257609298305e-04
1.606970257609298305e-04
1.606970257609298305e-04
1.606970257609298305e-04
1.606970257609298305e-04
1.606970257609298305e-04
1.549043610975563764e-04
1.549043610975563764e-04
1.549043610975563764e-04
1.549043610975563764e-04
1.549043610975563764e-04
1.549043610975563764e-04
1.549043610975563764e-04
1.549043610975563764e-04
1.549043610975563764e-04
1.549043610975563764e-04
1.549043610975563764e-04
1.549043610975563764e-04
1.549043610975563764e-04
1.549043610975563764e-04
1.549043610975563764e-04
1.549043610975563764e-04
1.549043610975563764e-04
1.549043610975563764e-04
1.547350879471142467e-04
1.547350879471142467e-04
1.475040472602064795e-04
1.414109961156189614e-04
1.414109961156189614e-04
1.414109961156189614e-04
1.414109961156189614e-04
1.397530532527775421e-04
1.397530532527775421e-04
1.397530532527775421e-04
1.397530532527775421e-04
1.397530532527775421e-04
1.397530532527775421e-04
1.397530532527775421e-04
1.397530532527775421e-04
1.397530532527775421e-04
1.397530532527775421e-04
1.397530532527775421e-04
1.397530532527775421e-04
1.397530532527775421e-04
1.397530532527775421e-04
1.397530532527775421e-04
1.397530532527775421e-04
1.397530532527775421e-04
1.397530532527775421e-04
1.397530532527775421e-04
1.397530532527775421e-04
1.397530532527775421e-04
1.397530532527775421e-04
1.397530532527775421e-04
1.370140389687602659e-04
1.370140389687602659e-04
1.370140389687602659e-04
1.245382195944045017e-04
1.245382195944045017e-04
1.245382195944045017e-04
1.245382195944045017e-04
1.245382195944045017e-04
1.245382195944045017e-04
1.245382195944045017e-04
1.245382195944045017e-04
1.245382195944045017e-04
1.245382195944045017e-04
1.245382195944045017e-04
1.245382195944045017e-04
1.245382195944045017e-04
1.245382195944045017e-04
1.245382195944045017e-04
1.245382195944045017e-04
1.245382195944045017e-04
1.245382195944045017e-04
1.245382195944045017e-04
1.245382195944045017e-04
1.245382195944045017e-04
1.245382195944045017e-04
1.245382195944045017e-04
1.245382195944045017e-04
1.245382195944045017e-04
1.245382195944045017e-04
1.245382195944045017e-04
1.245382195944045017e-04
1.245382195944045017e-04
1.245382195944045017e-04
1.245382195944045017e-04
1.245382195944045017e-04
1.245382195944045017e-04
1.245382195944045017e-04
1.245382195944045017e-04
1.245382195944045017e-04
1.245382195944045017e-04
1.245382195944045017e-04
1.245382195944045017e-04
1.245382195944045017e-04
1.245382195944045017e-04
1.245382195944045017e-04
1.245382195944045017e-04
1.208500339512908178e-04
1.208500339512908178e-04
1.208500339512908178e-04
1.208500339512908178e-04
1.208500339512908178e-04
1.208500339512908178e-04
1.208500339512908178e-04
1.208500339512908178e-04
1.204238682014553989e-04
1.204238682014553989e-04
1.204238682014553989e-04
1.204238682014553989e-04
1.204238682014553989e-04
1.204238682014553989e-04
1.204238682014553989e-04
1.204238682014553989e-04
1.204238682014553989e-04
1.204238682014553989e-04
1.145733310716637115e-04
1.145733310716637115e-04
1.145733310716637115e-04
1.145733310716637115e-04
1.145733310716637115e-04
1.143958368091342251e-04
1.143958368091342251e-04
1.143958368091342251e-04
1.143958368091342251e-04
1.143958368091342251e-04
1.143958368091342251e-04
1.143958368091342251e-04
1.143958368091342251e-04
1.143958368091342251e-04
1.143958368091342251e-04
1.143958368091342251e-04
1.143958368091342251e-04
1.143958368091342251e-04
1.143958368091342251e-04
1.143958368091342251e-04
1.143958368091342251e-04
1.143958368091342251e-04
1.143958368091342251e-04
1.143958368091342251e-04
1.143958368091342251e-04
1.143958368091342251e-04
1.143958368091342251e-04
1.142319150341220387e-04
1.142319150341220387e-04
1.142319150341220387e-04
1.142319150341220387e-04
1.142319150341220387e-04
1.142319150341220387e-04
1.142319150341220387e-04
1.142319150341220387e-04
1.142319150341220387e-04
1.142319150341220387e-04
1.142319150341220387e-04
1.142319150341220387e-04
1.107017622580449016e-04
1.107017622580449016e-04
1.092555121966356873e-04
1.092555121966356873e-04
1.092555121966356873e-04
1.092555121966356873e-04
1.090007887209291508e-04
1.090007887209291508e-04
1.090007887209291508e-04
1.090007887209291508e-04
1.090007887209291508e-04
1.090007887209291508e-04
1.090007887209291508e-04
1.090007887209291508e-04
1.090007887209291508e-04
1.090007887209291508e-04
1.090007887209291508e-04
1.090007887209291508e-04
1.090007887209291508e-04
1.090007887209291508e-04
1.090007887209291508e-04
1.090007887209291508e-04
1.090007887209291508e-04
1.090007887209291508e-04
1.090007887209291508e-04
1.090007887209291508e-04
1.090007887209291508e-04
1.090007887209291508e-04
1.090007887209291508e-04
1.090007887209291508e-04
1.090007887209291508e-04
1.090007887209291508e-04
1.090007887209291508e-04
1.090007887209291508e-04
1.090007887209291508e-04
1.090007887209291508e-04
1.090007887209291508e-04
1.090007887209291508e-04
1.090007887209291508e-04
1.090007887209291508e-04
1.090007887209291508e-04
1.090007887209291508e-04
1.090007887209291508e-04
1.090007887209291508e-04
1.090007887209291508e-04
1.090007887209291508e-04
1.090007887209291508e-04
1.090007887209291508e-04
1.090007887209291508e-04
1.090007887209291508e-04
1.090007887209291508e-04
1.090007887209291508e-04
1.090007887209291508e-04
1.090007887209291508e-04
1.090007887209291508e-04
1.090007887209291508e-04
1.090007887209291508e-04
1.088974387357666274e-04
1.088974387357666274e-04
1.088974387357666274e-04
1.088974387357666274e-04
1.088974387357666274e-04
1.088974387357666274e-04
1.088974387357666274e-04
1.088974387357666274e-04
1.088974387357666274e-04
1.088974387357666274e-04
1.088974387357666274e-04
1.088974387357666274e-04
1.088974387357666274e-04
1.088974387357666274e-04
1.088974387357666274e-04
1.088974387357666274e-04
1.088974387357666274e-04
1.088974387357666274e-04
1.088974387357666274e-04
1.088974387357666274e-04
1.088974387357666274e-04
1.064330772852800254e-04
1.064330772852800254e-04
1.064330772852800254e-04
1.064330772852800254e-04
1.064330772852800254e-04
1.064330772852800254e-04
1.064330772852800254e-04
1.064330772852800254e-04
1.064330772852800254e-04
1.064330772852800254e-04
1.064330772852800254e-04
1.064330772852800254e-04
1.064330772852800254e-04
1.064330772852800254e-04
1.064330772852800254e-04
1.064330772852800254e-04
1.064330772852800254e-04
1.064330772852800254e-04
1.064330772852800254e-04
1.064330772852800254e-04
1.064330772852800254e-04
1.064330772852800254e-04
1.064330772852800254e-04
1.064330772852800254e-04
1.064330772852800254e-04
1.064330772852800254e-04
1.064330772852800254e-04
1.064330772852800254e-04
1.064330772852800254e-04
1.064330772852800254e-04
1.064330772852800254e-04
1.064330772852800254e-04
1.064330772852800254e-04
1.064330772852800254e-04
1.064330772852800254e-04
1.064330772852800254e-04
1.064330772852800254e-04
1.064330772852800254e-04
1.064330772852800254e-04
1.064330772852800254e-04
1.064330772852800254e-04
1.064330772852800254e-04
1.064330772852800254e-04
1.064330772852800254e-04
1.064330772852800254e-04
1.064330772852800254e-04
1.064330772852800254e-04
1.064330772852800254e-04
1.064330772852800254e-04
1.064330772852800254e-04
1.064330772852800254e-04
1.064330772852800254e-04
1.064330772852800254e-04
1.064330772852800254e-04
1.064330772852800254e-04
1.064330772852800254e-04
1.064330772852800254e-04
1.064330772852800254e-04
1.064330772852800254e-04
1.064330772852800254e-04
1.064330772852800254e-04
1.064330772852800254e-04
1.064330772852800254e-04
1.064330772852800254e-04
1.064330772852800254e-04
1.064330772852800254e-04
1.064330772852800254e-04
1.064330772852800254e-04
1.064330772852800254e-04
1.064330772852800254e-04
1.064330772852800254e-04
1.064330772852800254e-04
1.064330772852800254e-04
1.064330772852800254e-04
1.064330772852800254e-04
1.064330772852800254e-04
1.064330772852800254e-04
1.064330772852800254e-04
1.064330772852800254e-04
1.064330772852800254e-04
1.064330772852800254e-04
1.064330772852800254e-04
1.064330772852800254e-04
1.045542085522829079e-04
1.045542085522829079e-04
1.045542085522829079e-04
1.045542085522829079e-04
1.045542085522829079e-04
1.045542085522829079e-04
1.006947137851761426e-04
1.006947137851761426e-04
1.006947137851761426e-04
1.006947137851761426e-04
1.006947137851761426e-04
1.006947137851761426e-04
1.006947137851761426e-04
1.006947137851761426e-04
1.006947137851761426e-04
1.006947137851761426e-04
1.006947137851761426e-04
1.006947137851761426e-04
1.006947137851761426e-04
1.006947137851761426e-04
1.006947137851761426e-04
1.006947137851761426e-04
1.006947137851761426e-04
1.006947137851761426e-04
1.006947137851761426e-04
1.006947137851761426e-04
1.006947137851761426e-04
1.006947137851761426e-04
1.006947137851761426e-04
1.006947137851761426e-04
1.006947137851761426e-04
1.006947137851761426e-04
1.006947137851761426e-04
1.006947137851761426e-04
1.006947137851761426e-04
1.006947137851761426e-04
1.006947137851761426e-04
1.006947137851761426e-04
1.006947137851761426e-04
1.006947137851761426e-04
1.006947137851761426e-04
1.006947137851761426e-04
1.006947137851761426e-04
1.006947137851761426e-04
1.006947137851761426e-04
1.006947137851761426e-04
1.006947137851761426e-04
1.006947137851761426e-04
1.006947137851761426e-04
1.006947137851761426e-04
1.006947137851761426e-04
1.006947137851761426e-04
1.006947137851761426e-04
1.006947137851761426e-04
1.006947137851761426e-04
1.006947137851761426e-04
1.006947137851761426e-04
1.006947137851761426e-04
1.006947137851761426e-04
1.006947137851761426e-04
9.945902290804256661e-05
9.945902290804256661e-05
9.945902290804256661e-05
9.945902290804256661e-05
9.945902290804256661e-05
9.945902290804256661e-05
9.945902290804256661e-05
9.945902290804256661e-05
9.945902290804256661e-05
9.945902290804256661e-05
9.945902290804256661e-05
9.945902290804256661e-05
9.945902290804256661e-05
9.945902290804256661e-05
9.945902290804256661e-05
9.830527462012843764e-05
9.830527462012843764e-05
9.830527462012843764e-05
9.830527462012843764e-05
9.830527462012843764e-05
9.830527462012843764e-05
9.830527462012843764e-05
9.830527462012843764e-05
9.830527462012843764e-05
9.830527462012843764e-05
9.830527462012843764e-05
9.830527462012843764e-05
9.830527462012843764e-05
9.830527462012843764e-05
9.830527462012843764e-05
9.665058748249280649e-05
9.665058748249280649e-05
9.665058748249280649e-05
9.665058748249280649e-05
9.568812493835495933e-05
9.568812493835495933e-05
9.568812493835495933e-05
9.568812493835495933e-05
9.568812493835495933e-05
9.568812493835495933e-05
9.568812493835495933e-05
9.568812493835495933e-05
9.568812493835495933e-05
9.568812493835495933e-05
9.568812493835495933e-05
9.568812493835495933e-05
9.568812493835495933e-05
9.568812493835495933e-05
9.568812493835495933e-05
9.568812493835495933e-05
9.568812493835495933e-05
9.568812493835495933e-05
9.568812493835495933e-05
9.568812493835495933e-05
9.568812493835495933e-05
9.568812493835495933e-05
