7.696642053711576409e+03
6.967746892151392785e+03
6.319288967170591604e+03
5.903255244084904007e+03
5.486949306051149506e+03
5.159218283741457526e+03
4.825804413721496530e+03
4.551011960896500568e+03
4.199912513701978241e+03
3.991687301536926043e+03
3.839321465326728685e+03
3.590803312199626362e+03
3.425431512345614465e+03
3.284621703585096384e+03
3.124221048682436958e+03
2.940982987724978102e+03
2.796350813053847560e+03
2.560415987076269630e+03
2.441959957853478500e+03
2.301659130271085360e+03
2.204962038814944208e+03
2.097772844283123050e+03
1.988145239255013394e+03
1.908468017491388082e+03
1.836831623118026073e+03
1.773773159629217162e+03
1.698754012903971898e+03
1.625461608948262210e+03
1.547419918191830675e+03
1.445107706557864503e+03
1.374190750508414794e+03
1.310819937634863663e+03
1.247452457738726480e+03
1.198517440536449612e+03
1.160100231610255832e+03
1.126813647872117599e+03
1.067209606793437388e+03
1.005850701831834840e+03
9.647734490415666642e+02
9.262264758982042849e+02
8.629445697163151863e+02
8.225683065954206086e+02
7.864783807866600682e+02
7.543000061799002651e+02
7.262804818316375304e+02
7.114012707516498040e+02
6.751551341266113013e+02
6.357788462032430061e+02
6.232064659775713835e+02
6.055242328367094160e+02
5.876925127980849766e+02
5.710960514363096081e+02
5.488733822335543664e+02
5.020454090731741985e+02
4.716070754453444351e+02
4.562918990721707928e+02
4.422369951303195990e+02
4.290323451408089568e+02
4.212357943619837783e+02
3.954083425633703541e+02
3.765103073974850076e+02
3.570081110690388755e+02
3.446239043609762120e+02
3.377637008601679440e+02
3.239092309394985136e+02
3.166989888523745549e+02
3.157985382392524230e+02
3.071123020265239916e+02
2.979832545463925157e+02
2.907744899837527441e+02
2.862461620205886561e+02
2.775334260859650612e+02
2.698200982852176821e+02
2.633777125361871185e+02
2.548012686517297709e+02
2.455803617461633053e+02
2.354690486976123509e+02
2.331401346049442509e+02
2.277158196331412228e+02
2.213783880419885577e+02
2.109996070909487855e+02
2.037900599223426923e+02
2.019260849944129177e+02
1.968877154286493862e+02
1.919562858179484408e+02
1.894008294187854915e+02
1.829105240996644852e+02
1.766203200302633718e+02
1.716654103160720979e+02
1.673796484747556406e+02
1.622330515539529756e+02
1.599456738861700273e+02
1.556548796392793008e+02
1.529872493859046472e+02
1.467830416380203644e+02
1.419987126612672341e+02
1.410835178673158907e+02
1.399055435443559361e+02
1.362479254534692643e+02
1.322246288469596323e+02
1.289078161639908160e+02
1.270046954690538712e+02
1.209269338843101593e+02
1.185372045241916652e+02
1.131538866916378936e+02
1.101248822571138106e+02
1.067313958564929663e+02
1.055956192155650513e+02
1.037112991410126170e+02
1.014573456395748963e+02
1.010193309225082317e+02
9.952427489340847444e+01
9.794323716916524347e+01
9.726303148142869759e+01
9.633801112040231374e+01
9.526955722419896233e+01
9.227238435547072015e+01
8.707072211999778233e+01
8.375182925188975958e+01
8.191137169126760398e+01
8.063183786995418245e+01
7.796191071875840350e+01
7.632996977495383817e+01
7.494212039253970659e+01
7.293810197254256877e+01
7.238901569784098911e+01
7.059087026904632012e+01
6.951676848420312638e+01
6.923936783838937004e+01
6.808979957604253741e+01
6.748757347689267760e+01
6.518284456458154352e+01
6.413576391121803510e+01
6.387139442677789702e+01
6.311479814711782410e+01
6.268506584606490151e+01
6.244347690443961341e+01
6.143120826986525884e+01
6.126873750391353468e+01
6.033887660396069208e+01
5.970126273219532465e+01
5.823785142645174773e+01
5.734188102131457754e+01
5.685291370322615734e+01
5.647599854523927121e+01
5.613516638974243733e+01
5.585782935497987722e+01
5.563825133678371770e+01
5.529515233959377696e+01
5.453339045121561668e+01
5.427300893496972378e+01
5.399082973667153595e+01
5.389110337928079275e+01
5.305334216738100395e+01
5.295870618137949037e+01
5.212704040290207530e+01
5.193438833573772939e+01
5.125744945873601921e+01
5.067310498566894950e+01
5.067310498566894950e+01
5.047409188419434400e+01
5.015465887393830968e+01
4.998721063971256484e+01
4.954233916992572517e+01
4.884182150476757300e+01
4.845989557945894433e+01
4.845989557945894433e+01
4.792774308078406875e+01
4.792774308078406875e+01
4.781179969306577959e+01
4.759613963420174798e+01
4.759613963420174798e+01
4.733446053952628318e+01
4.678083123422308631e+01
4.649968568191577845e+01
4.631144721183151347e+01
4.590195095586801699e+01
4.585436868961338064e+01
4.566070953113064945e+01
4.508327768914278977e+01
4.438384355094583356e+01
4.371272373364158881e+01
4.337783715718435928e+01
4.293335667955085455e+01
4.288654778114189270e+01
4.268033003555354554e+01
4.242047553695209672e+01
4.170354655075406924e+01
4.169810226210659465e+01
4.121520405845501500e+01
4.113721043743670691e+01
4.113721043743670691e+01
4.106256983458538912e+01
4.106256983458538912e+01
4.095725077402007486e+01
4.073217789449483206e+01
4.039385102454665599e+01
4.034268627713645827e+01
3.972496980995911997e+01
3.950778822053487715e+01
3.950778822053487715e+01
3.940273105843036916e+01
3.917079388177163679e+01
3.891225135808152658e+01
3.891225135808152658e+01
3.891054732536917271e+01
3.846116113026277361e+01
3.830353969166569073e+01
3.802714806783315282e+01
3.771278627475113154e+01
3.654641145056151430e+01
3.654641145056151430e+01
3.628890218897064557e+01
3.595643453562191638e+01
3.546313214901116595e+01
3.546313214901116595e+01
3.546313214901116595e+01
3.544515068129056345e+01
3.534805288994044759e+01
3.534805288994044759e+01
3.534805288994044759e+01
3.485114900826499706e+01
3.394015071493643632e+01
3.339259443143149042e+01
3.301281783789553259e+01
3.301139972305607984e+01
3.301139972305607984e+01
3.240416009073656056e+01
3.237401659413433208e+01
3.219440390189014067e+01
3.219440390189014067e+01
3.204462334928026479e+01
3.149220353064712086e+01
3.133410400250996375e+01
3.110558155543732894e+01
3.074483345587638539e+01
3.074483345587638539e+01
3.069648778396084055e+01
3.069648778396084055e+01
3.069648778396084055e+01
3.069648778396084055e+01
3.069648778396084055e+01
3.063433577068427383e+01
3.056861283730549772e+01
3.032646642194063702e+01
2.990109954314459983e+01
2.983616390387284412e+01
2.983616390387284412e+01
2.956942976030875414e+01
2.951709723108600159e+01
2.951709723108600159e+01
2.888572256618786582e+01
2.888572256618786582e+01
2.856743505712670483e+01
2.838405867073283417e+01
2.838405867073283417e+01
2.823389091172190746e+01
2.766918997573583638e+01
2.716426231657966284e+01
2.712022551770548873e+01
2.690316057651943638e+01
2.690316057651943638e+01
2.673068431744459161e+01
2.663658776371035586e+01
2.644572671003530573e+01
2.644572671003530573e+01
2.644235521733704175e+01
2.632835037435611625e+01
2.632393302220464903e+01
2.617771096193193259e+01
2.611486947757679289e+01
2.574900272292788728e+01
2.574900272292788728e+01
2.574900272292788728e+01
2.574900272292788728e+01
2.573655873370071490e+01
2.567438543337357615e+01
2.565505197959146599e+01
2.540295716619576183e+01
2.524250625588938490e+01
2.524250625588938490e+01
2.508636474194421950e+01
2.508636474194421950e+01
2.503374753020627708e+01
2.479876843217878601e+01
2.479876843217878601e+01
2.460250782832653726e+01
2.429749685838763895e+01
2.429749685838763895e+01
2.417209549416257630e+01
2.403828541496356408e+01
2.403828541496356408e+01
2.400489846256592585e+01
2.400489846256592585e+01
2.400489846256592585e+01
2.380804243535845544e+01
2.372617335268399685e+01
2.372617335268399685e+01
2.368236473070772519e+01
2.368236473070772519e+01
2.368236473070772519e+01
2.356586566025194429e+01
2.329104779418466720e+01
2.329104779418466720e+01
2.312352239540806309e+01
2.312352239540806309e+01
2.266896475609871331e+01
2.240510891466703214e+01
2.240510891466703214e+01
2.237418360029210262e+01
2.237418360029210262e+01
2.237418360029210262e+01
2.237418360029210262e+01
2.237418360029210262e+01
2.237418360029210262e+01
2.185495714124072464e+01
2.183565425255572379e+01
2.172768558758095025e+01
2.169122715383994660e+01
2.169122715383994660e+01
2.169122715383994660e+01
2.153006872695850049e+01
2.137306190729121269e+01
2.137306190729121269e+01
2.137306190729121269e+01
2.137306190729121269e+01
2.137306190729121269e+01
2.136910534905606340e+01
2.136910534905606340e+01
2.136910534905606340e+01
2.136910534905606340e+01
2.136910534905606340e+01
2.111974555621437233e+01
2.111974555621437233e+01
2.111974555621437233e+01
2.111974555621437233e+01
2.111974555621437233e+01
2.111974555621437233e+01
2.111974555621437233e+01
2.111974555621437233e+01
2.108919575951514602e+01
2.108203404981258089e+01
2.101206595249405851e+01
2.101206595249405851e+01
2.091180161234316515e+01
2.083116933960109662e+01
2.083116933960109662e+01
2.083116933960108597e+01
2.083116933960109662e+01
2.083116933960109662e+01
2.083116933960109662e+01
2.083116933960109662e+01
2.082663691975359299e+01
2.082663691975359299e+01
2.082663691975359299e+01
2.082663691975359299e+01
2.074378336172055270e+01
2.074378336172055270e+01
2.074378336172055270e+01
2.060526030755484683e+01
2.041371552369096065e+01
2.041371552369096065e+01
2.041371552369096065e+01
2.041371552369096065e+01
2.041371552369096065e+01
2.041371552369096065e+01
2.034764150994021392e+01
2.034764150994021392e+01
2.034764150994021392e+01
2.034764150994021392e+01
2.033352318427273886e+01
2.033352318427273886e+01
2.033352318427273886e+01
2.033352318427273886e+01
2.033352318427273886e+01
2.029920431415304094e+01
2.029920431415304094e+01
2.027957271771498071e+01
2.027957271771498071e+01
1.982742799841181380e+01
1.982742799841181380e+01
1.958146343510103904e+01
1.946102273869876242e+01
1.946102273869876242e+01
1.946102273869876242e+01
1.946102273869876242e+01
1.938054089494970711e+01
1.929555074080255395e+01
1.929555074080255395e+01
1.929555074080255395e+01
1.929555074080255395e+01
1.923654916678333393e+01
1.923654916678333393e+01
1.922145861861375593e+01
1.911535321043272262e+01
1.911535321043272262e+01
1.911535321043272262e+01
1.911535321043272262e+01
1.892459786944176514e+01
1.891147930963288104e+01
1.881328568858462447e+01
1.881328568858462447e+01
1.867363670237102369e+01
1.858561106260107465e+01
1.858561106260107465e+01
1.846621747064025953e+01
1.846621747064025953e+01
1.846621747064025953e+01
1.846621747064025953e+01
1.846621747064025953e+01
1.846621747064025953e+01
1.846621747064025953e+01
1.846621747064025953e+01
1.846621747064025953e+01
1.846621747064025953e+01
1.846621747064025953e+01
1.846621747064025953e+01
1.846621747064025953e+01
1.842978687253929593e+01
1.842978687253929237e+01
1.834206035556547931e+01
1.810252398920970052e+01
1.810252398920970407e+01
1.810252398920970052e+01
1.810252398920970052e+01
1.795402256840628752e+01
1.756592396678239254e+01
1.691744883981787240e+01
1.675445906496130988e+01
1.675445906496130988e+01
1.675445906496130988e+01
1.670897880589988560e+01
1.670897880589988560e+01
1.670897880589988560e+01
1.668356605375226920e+01
1.667177063190462150e+01
1.667177063190462150e+01
1.660540079392750812e+01
1.660540079392750812e+01
1.654306379839959007e+01
1.654306379839959007e+01
1.644424577626578809e+01
1.643161976944652025e+01
1.632876335154009340e+01
1.632876335154009340e+01
1.632876335154009340e+01
1.632876335154009340e+01
1.632876335154009695e+01
1.632876335154009340e+01
1.632876335154009340e+01
1.624149781341193943e+01
1.624149781341193588e+01
1.615701350218644805e+01
1.598195190217923312e+01
1.598195190217923312e+01
1.598195190217923312e+01
1.582047186421215379e+01
1.582047186421215379e+01
1.579097230581369438e+01
1.579097230581369438e+01
1.579097230581369438e+01
1.579097230581369438e+01
1.566822168631985690e+01
1.560907556756033365e+01
1.560907556756033365e+01
1.560907556756033365e+01
1.556798589194353255e+01
1.555577337995696219e+01
1.555577337995696219e+01
1.555577337995696219e+01
1.555577337995696219e+01
1.555577337995696219e+01
1.555577337995696219e+01
1.555577337995696219e+01
1.543470202960791049e+01
1.543470202960790694e+01
1.543470202960790694e+01
1.536696360095663927e+01
1.534432902090312467e+01
1.515663309535038827e+01
1.515663309535038827e+01
1.515663309535038827e+01
1.515663309535038827e+01
1.515663309535038827e+01
1.515663309535038827e+01
1.514930607848874367e+01
1.514930607848874367e+01
1.514930607848874367e+01
1.510569050747930220e+01
1.510569050747930220e+01
1.510569050747930220e+01
1.510569050747930220e+01
1.492033825876001707e+01
1.489982183926339232e+01
1.489982183926339232e+01
1.489982183926339232e+01
1.459877982089759385e+01
1.459877982089759385e+01
1.459877982089759740e+01
1.459877982089759385e+01
1.459877982089759385e+01
1.459877982089759385e+01
1.459877982089759385e+01
1.459877982089759385e+01
1.457727604938997246e+01
1.457727604938997246e+01
1.457727604938997246e+01
1.457727604938997246e+01
1.457727604938997246e+01
1.448238691076728557e+01
1.448238691076728557e+01
1.448238691076728557e+01
1.448238691076728557e+01
1.448238691076728557e+01
1.448238691076728557e+01
1.448238691076728557e+01
1.434247023734514315e+01
1.434247023734514315e+01
1.434247023734514315e+01
1.434247023734514315e+01
1.434247023734514315e+01
1.434247023734514315e+01
1.434247023734514315e+01
1.434247023734514315e+01
1.434247023734514315e+01
1.421231994699236267e+01
1.421231994699236267e+01
1.421231994699236267e+01
1.420884858306646237e+01
1.411828553785407614e+01
1.411828553785407614e+01
1.411828553785407614e+01
1.411828553785407614e+01
1.411828553785407614e+01
1.410547534952540971e+01
1.410547534952540971e+01
1.410547534952540971e+01
1.407034028711086648e+01
1.407034028711086648e+01
1.407034028711086648e+01
1.396514795147225918e+01
1.396514795147225918e+01
1.396514795147225918e+01
1.396514795147225918e+01
1.392609439088605860e+01
1.392609439088605860e+01
1.392609439088605860e+01
1.392609439088605860e+01
1.392609439088605860e+01
1.392609439088605860e+01
1.392609439088605860e+01
1.392609439088605860e+01
1.392609439088605860e+01
1.392609439088605860e+01
1.392609439088605860e+01
1.392609439088605860e+01
1.392609439088605860e+01
1.392609439088605860e+01
1.392609439088605860e+01
1.392609439088605860e+01
1.381268707495110526e+01
1.381268707495110526e+01
1.381268707495110526e+01
1.381268707495110526e+01
1.377131681745894554e+01
1.377131681745894554e+01
1.377131681745894554e+01
1.377131681745894554e+01
1.377131681745894554e+01
1.372201467516683238e+01
1.372201467516683238e+01
1.372201467516683238e+01
1.364291814985080364e+01
1.360814762030371128e+01
1.357681445995477354e+01
1.357681445995477354e+01
1.349331277809798912e+01
1.349331277809798912e+01
1.349331277809798912e+01
1.324132021010715299e+01
1.306254031111768477e+01
1.306254031111768477e+01
1.306254031111768477e+01
1.306254031111768477e+01
1.306254031111768477e+01
1.306254031111768477e+01
1.282308222090399497e+01
1.282308222090399497e+01
1.278524080466260848e+01
1.278524080466260848e+01
1.278524080466260848e+01
1.278524080466260848e+01
1.274042897445998257e+01
1.272442496436038262e+01
1.272442496436038262e+01
1.272442496436038262e+01
1.272442496436038262e+01
1.269376442480455047e+01
1.261471976911833970e+01
1.261471976911833970e+01
1.261471976911833970e+01
1.261471976911833970e+01
1.261471976911833970e+01
1.261471976911833970e+01
1.261471976911833970e+01
1.261471976911833970e+01
1.261471976911833970e+01
1.261471976911833970e+01
1.261471976911833970e+01
1.261471976911833970e+01
1.261471976911833970e+01
1.261471976911833970e+01
1.261471976911833970e+01
1.261471976911833970e+01
1.261471976911833970e+01
1.261471976911833970e+01
1.261471976911833970e+01
1.261471976911833970e+01
1.238437853751815965e+01
1.238437853751815965e+01
1.238437853751815965e+01
1.238437853751815965e+01
1.238437853751815965e+01
1.238437853751815965e+01
1.233192598564406239e+01
1.233192598564406239e+01
1.233192598564406239e+01
1.233192598564406239e+01
1.230384013898214590e+01
1.230384013898214590e+01
1.230384013898214590e+01
1.230384013898214590e+01
1.230384013898214590e+01
1.230384013898214590e+01
1.230384013898214590e+01
1.230384013898214590e+01
1.228867219292778401e+01
1.228867219292778401e+01
1.228867219292778401e+01
1.228867219292778401e+01
1.221552359608513250e+01
1.221552359608513250e+01
1.216239494659108900e+01
1.216072338459221669e+01
1.216072338459221669e+01
1.216072338459221669e+01
1.214921400119861339e+01
1.214921400119861339e+01
1.214921400119861339e+01
1.214921400119861339e+01
1.214568087306890831e+01
1.214568087306890831e+01
1.214568087306890831e+01
1.205661838530723351e+01
1.205661838530723351e+01
1.205661838530723351e+01
1.205661838530723351e+01
1.205448997164078229e+01
1.205448997164078229e+01
1.205448997164078229e+01
1.205448997164078229e+01
1.205448997164078229e+01
1.205448997164078229e+01
1.205448997164078229e+01
1.193763863292688043e+01
1.191456515768312130e+01
1.181296743233899349e+01
1.175202749753513309e+01
1.175202749753513309e+01
1.175202749753513309e+01
1.175202749753513309e+01
1.170781360172675178e+01
1.170781360172675178e+01
1.170781360172675178e+01
1.169637595238762096e+01
1.169637595238762096e+01
1.169637595238762096e+01
1.169637595238762096e+01
1.169637595238762096e+01
1.169637595238762096e+01
1.169637595238762096e+01
1.169637595238762096e+01
1.169637595238762096e+01
1.169637595238762096e+01
1.169637595238762096e+01
1.169637595238762096e+01
1.169637595238762096e+01
1.169637595238762096e+01
1.163103095075110716e+01
1.163103095075110716e+01
1.154030377383467609e+01
1.154030377383467609e+01
1.154030377383467609e+01
1.154030377383467609e+01
1.154030377383467609e+01
1.154030377383467609e+01
1.154030377383467609e+01
1.154030377383467609e+01
1.154030377383467609e+01
1.154030377383467609e+01
1.150067673029777815e+01
1.150067673029777815e+01
1.144926071960199110e+01
1.144926071960199110e+01
1.144926071960199110e+01
1.144926071960199110e+01
1.144926071960199110e+01
1.144926071960199110e+01
1.144926071960199110e+01
1.144926071960199110e+01
1.144926071960199110e+01
1.140455390912772238e+01
1.140455390912772238e+01
1.140455390912772238e+01
1.140455390912772238e+01
1.140455390912772238e+01
1.140455390912772238e+01
1.140455390912772238e+01
1.140455390912772238e+01
1.139356869191442456e+01
1.139356869191442456e+01
1.139356869191442456e+01
1.139356869191442456e+01
1.139356869191442456e+01
1.139356869191442456e+01
1.132543158606427802e+01
1.126805338826055092e+01
1.120604823196014266e+01
1.110198484365906424e+01
1.110198484365906424e+01
1.110198484365906424e+01
1.110198484365906424e+01
1.110198484365906424e+01
1.110198484365906424e+01
1.102458166169751586e+01
1.102207673986933578e+01
1.087107994328270166e+01
1.087107994328270166e+01
1.087107994328270166e+01
1.087107994328270166e+01
1.087107994328270166e+01
1.087107994328270166e+01
1.087107994328270166e+01
1.086989002656218339e+01
1.086989002656218339e+01
1.086989002656218339e+01
1.086989002656218339e+01
1.086989002656218339e+01
1.082184267099454189e+01
1.082184267099454189e+01
1.082184267099454189e+01
1.082184267099454189e+01
1.082184267099454189e+01
1.082184267099454189e+01
1.080814217697747281e+01
1.080814217697747281e+01
1.080814217697747281e+01
1.080814217697747281e+01
1.080814217697747281e+01
1.080814217697747281e+01
1.080814217697747281e+01
1.080814217697747281e+01
1.080814217697747281e+01
1.080814217697747281e+01
1.080814217697747281e+01
1.080814217697747281e+01
1.080814217697747281e+01
1.080814217697747281e+01
1.079143146855663637e+01
1.069506961380885812e+01
1.069506961380885812e+01
1.069506961380885812e+01
1.069506961380885812e+01
1.069506961380885812e+01
1.069506961380885812e+01
1.066668450325783368e+01
1.050959065627902334e+01
1.050959065627902334e+01
1.050959065627902334e+01
1.050959065627902334e+01
1.050959065627902334e+01
1.050959065627902334e+01
1.050959065627902334e+01
1.050959065627902334e+01
1.050959065627902334e+01
1.050959065627902334e+01
1.049324214937421118e+01
1.049324214937421118e+01
1.049324214937421118e+01
1.049324214937421118e+01
1.048286691176078023e+01
1.048286691176078023e+01
1.032703560787992458e+01
1.032703560787992458e+01
1.032703560787992458e+01
1.032703560787992458e+01
1.032703560787992458e+01
1.032703560787992458e+01
1.032703560787992458e+01
1.032703560787992458e+01
1.032703560787992458e+01
1.032703560787992458e+01
1.032703560787992458e+01
1.032703560787992458e+01
1.032703560787992458e+01
1.032703560787992458e+01
1.032703560787992458e+01
1.032703560787992458e+01
1.032703560787992458e+01
1.032703560787992458e+01
1.032703560787992458e+01
1.031172519039257551e+01
1.031172519039257551e+01
1.031172519039257551e+01
1.031172519039257551e+01
1.031172519039257551e+01
1.031172519039257551e+01
1.031172519039257551e+01
1.031172519039257551e+01
1.025074425890901253e+01
1.025074425890901253e+01
1.019224187125985104e+01
1.019224187125985104e+01
1.019224187125985104e+01
1.019224187125985104e+01
1.019224187125985104e+01
1.019224187125985104e+01
1.019224187125985104e+01
1.009426994410093315e+01
1.009426994410093315e+01
1.009426994410093315e+01
1.000737488939537378e+01
1.000737488939537378e+01
1.000737488939537378e+01
9.984299877173745230e+00
9.984299877173745230e+00
9.984299877173745230e+00
9.900779615342218065e+00
9.900779615342218065e+00
9.900779615342218065e+00
9.900779615342218065e+00
9.900779615342218065e+00
9.836141568212958930e+00
9.836141568212958930e+00
9.836141568212958930e+00
9.836141568212958930e+00
9.836141568212958930e+00
9.836141568212958930e+00
9.836141568212958930e+00
9.836141568212958930e+00
9.718214574819851848e+00
9.718214574819851848e+00
9.718214574819851848e+00
9.718214574819851848e+00
9.678161710481472113e+00
9.678161710481472113e+00
9.678161710481472113e+00
9.678161710481472113e+00
9.678161710481472113e+00
9.678161710481472113e+00
9.678161710481472113e+00
9.678161710481472113e+00
9.678161710481472113e+00
9.678161710481472113e+00
9.678161710481472113e+00
9.678161710481472113e+00
9.678161710481472113e+00
9.678161710481472113e+00
9.678161710481472113e+00
9.678161710481472113e+00
9.678161710481472113e+00
9.678161710481472113e+00
9.640186256068322024e+00
9.640186256068322024e+00
9.570391223510494427e+00
9.570391223510494427e+00
9.570391223510494427e+00
9.570391223510494427e+00
9.570391223510494427e+00
9.570391223510494427e+00
9.570391223510494427e+00
9.570391223510494427e+00
9.570391223510494427e+00
9.570391223510494427e+00
9.570391223510494427e+00
9.570391223510494427e+00
9.570391223510494427e+00
9.570391223510494427e+00
9.551409286674166665e+00
9.551409286674166665e+00
9.551409286674166665e+00
9.551409286674166665e+00
9.551409286674166665e+00
9.551409286674166665e+00
9.551409286674166665e+00
9.504914961653419425e+00
9.504914961653419425e+00
9.504914961653419425e+00
9.504914961653419425e+00
9.421753024360997486e+00
9.421753024360997486e+00
9.421753024360997486e+00
9.421753024360997486e+00
9.421753024360997486e+00
9.300222765776762657e+00
9.300222765776762657e+00
9.274476972257923890e+00
9.274476972257923890e+00
9.274476972257923890e+00
9.274476972257923890e+00
9.194532496652435327e+00
9.194532496652435327e+00
9.176263887538974373e+00
9.176263887538974373e+00
9.176263887538974373e+00
9.176263887538974373e+00
9.135622358355160344e+00
9.135622358355160344e+00
9.135622358355160344e+00
9.135622358355160344e+00
9.135622358355160344e+00
9.132980505798711235e+00
9.032818406876529593e+00
9.032818406876529593e+00
8.984942487459495197e+00
8.984942487459495197e+00
8.984942487459495197e+00
8.984942487459495197e+00
8.984942487459495197e+00
8.984942487459495197e+00
8.984942487459495197e+00
8.982428899234385256e+00
8.982428899234385256e+00
8.910065540423744324e+00
8.910065540423744324e+00
8.910065540423744324e+00
8.910065540423744324e+00
8.910065540423744324e+00
8.842515062746416632e+00
8.842515062746416632e+00
8.842515062746416632e+00
8.842515062746416632e+00
8.842515062746416632e+00
8.842515062746416632e+00
8.842515062746416632e+00
8.842515062746416632e+00
8.842515062746416632e+00
8.842515062746416632e+00
8.842515062746416632e+00
8.842515062746416632e+00
8.842515062746416632e+00
8.842515062746416632e+00
8.842515062746416632e+00
8.842515062746416632e+00
8.842515062746416632e+00
8.842515062746416632e+00
8.788167074164864090e+00
8.788167074164864090e+00
8.736250941261944902e+00
8.736250941261944902e+00
8.736250941261944902e+00
8.736250941261944902e+00
8.736250941261944902e+00
8.736250941261944902e+00
8.736250941261944902e+00
8.736250941261944902e+00
8.736250941261944902e+00
8.736250941261944902e+00
8.736250941261944902e+00
8.736250941261944902e+00
8.647980325101537247e+00
8.647980325101537247e+00
8.647980325101537247e+00
8.647980325101537247e+00
8.603855667892752024e+00
8.603855667892752024e+00
8.603855667892752024e+00
8.603855667892752024e+00
8.603855667892752024e+00
8.568081624266895346e+00
8.568081624266895346e+00
8.568081624266895346e+00
8.568081624266895346e+00
8.568081624266895346e+00
8.568081624266895346e+00
8.568081624266895346e+00
8.568081624266895346e+00
8.551994868816256812e+00
8.551994868816256812e+00
8.551994868816256812e+00
8.532355692774187261e+00
8.473646548533567469e+00
8.473646548533567469e+00
8.471866145463048170e+00
8.471866145463048170e+00
8.471866145463048170e+00
8.471866145463048170e+00
8.462679691544943594e+00
8.462679691544943594e+00
8.386468018098005572e+00
