6.009981227755318287e+03
5.457050245550649379e+03
4.833254589696858602e+03
4.342967553208760364e+03
3.755782507602550595e+03
3.407858376449653861e+03
3.014826263557752100e+03
2.643091840752590088e+03
2.312668365876882945e+03
2.049676805004838570e+03
1.800596194445749688e+03
1.571939864675960052e+03
1.424166722207976818e+03
1.319932835838600795e+03
1.142888797073932437e+03
1.086215768274514403e+03
9.837903864230269164e+02
9.096655284795613170e+02
8.214910437497297835e+02
7.481585483468892335e+02
6.663940188782323730e+02
6.374242068520102293e+02
5.903633652084382675e+02
5.528782724292417470e+02
5.184503800889036711e+02
4.882667678359135834e+02
4.549269248929481364e+02
4.300522954697511864e+02
4.052640134435139885e+02
3.772192391305869137e+02
3.502645216145626819e+02
3.425629071108765515e+02
3.242553629810351481e+02
3.138419899403614295e+02
2.987094528517637855e+02
2.875927092601027084e+02
2.793033214022593711e+02
2.683608813581489017e+02
2.605595126302306994e+02
2.511958551254874124e+02
2.458493127323568785e+02
2.384517497140997762e+02
2.303592019530549067e+02
2.234145659270727720e+02
2.187821968307129339e+02
2.148194405524399713e+02
2.109240978011940513e+02
2.072687176855981193e+02
2.064201511481799969e+02
1.997723261084883859e+02
1.956842397676967948e+02
1.953674222010916139e+02
1.923378882541774999e+02
1.908519461367392864e+02
1.868279583672099022e+02
1.856126688926387658e+02
1.830667880173204765e+02
1.815402771860933342e+02
1.809914103480068945e+02
1.773127553212885630e+02
1.748046536547701919e+02
1.737974556961191581e+02
1.722761812509253048e+02
1.703532136005269706e+02
1.680094196076009041e+02
1.630745938913290445e+02
1.627648101477041962e+02
1.623421123705510354e+02
1.597866242568857729e+02
1.580391828410454593e+02
1.576918005631097799e+02
1.571666416893897349e+02
1.571227766285193184e+02
1.564407243056201651e+02
1.558149611106849477e+02
1.555787084469340584e+02
1.540228944377402058e+02
1.517841287397205576e+02
1.517841287397205576e+02
1.509879654387504786e+02
1.500788729475938510e+02
1.476434853117549721e+02
1.457062960324528547e+02
1.451231590172116910e+02
1.444716733680276377e+02
1.430762543018479107e+02
1.427157773385871735e+02
1.420951528565716444e+02
1.419081450448539101e+02
1.410052334258238318e+02
1.404459290400922953e+02
1.383147137382499352e+02
1.362081475344847092e+02
1.357501081813479118e+02
1.354620725274429844e+02
1.338864592955470130e+02
1.335444760457270661e+02
1.329363066413459080e+02
1.320693688749111629e+02
1.320693688749111629e+02
1.320693688749111629e+02
1.315820059640578279e+02
1.315820059640578279e+02
1.288533962344141059e+02
1.283340951171199436e+02
1.271351506967806273e+02
1.271351506967806273e+02
1.270766958441082863e+02
1.261972210797691929e+02
1.261597707581174177e+02
1.258170844461341176e+02
1.255489146380214578e+02
1.252857608565398948e+02
1.249003807444066183e+02
1.249003807444066183e+02
1.238996546584014453e+02
1.237031787344772624e+02
1.231486545650954270e+02
1.231486545650954270e+02
1.225019286070554898e+02
1.225019286070554898e+02
1.220514625809793330e+02
1.205891160327921341e+02
1.204190221813101402e+02
1.202324654931252610e+02
1.200784933327139044e+02
1.196888289457987469e+02
1.195677850741728889e+02
1.195677850741728889e+02
1.194905312614476571e+02
1.194905312614476571e+02
1.193032888022847686e+02
1.193032888022847686e+02
1.193032888022847686e+02
1.190477841089619915e+02
1.190477841089619915e+02
1.188785916441871393e+02
1.180776483477774832e+02
1.180776483477774832e+02
1.175666744124883252e+02
1.175666744124883252e+02
1.169199936109684899e+02
1.169199936109684899e+02
1.168393662256624168e+02
1.161446263488927002e+02
1.160823494398156299e+02
1.160403155469167018e+02
1.158545293678553776e+02
1.158545293678553776e+02
1.154625206593207594e+02
1.149767111999524616e+02
1.148593678750254412e+02
1.148593678750254412e+02
1.142668864895891545e+02
1.135072882333355437e+02
1.134776637036750628e+02
1.130187128397712115e+02
1.121524006920210326e+02
1.121524006920210326e+02
1.121325651979078941e+02
1.120456711412966655e+02
1.120456711412966655e+02
1.120456711412966655e+02
1.120331924017720979e+02
1.120331924017720979e+02
1.117714073048029206e+02
1.117351740728032325e+02
1.117351740728032325e+02
1.117351740728032325e+02
1.115903274989363752e+02
1.115053625129238526e+02
1.111345480388079210e+02
1.109661354616008850e+02
1.107465352079996279e+02
1.107465352079996279e+02
1.107465352079996279e+02
1.100016234157770043e+02
1.100016234157770043e+02
1.100016234157770043e+02
1.100016234157770043e+02
1.100016234157770043e+02
1.100016234157770043e+02
1.095507661000037274e+02
1.095507661000037274e+02
1.095507661000037274e+02
1.093415391679540676e+02
1.090211219852109394e+02
1.087724515350034551e+02
1.084500219412066002e+02
1.084500219412066002e+02
1.079683756261884042e+02
1.075312742715518937e+02
1.075312742715518937e+02
1.075312742715518937e+02
1.075312742715518937e+02
1.075312742715518937e+02
1.074971097142107652e+02
1.067177776955445410e+02
1.067177776955445410e+02
1.067177776955445125e+02
1.057788236805404125e+02
1.055737415417312945e+02
1.053469389656188895e+02
1.053020576622701441e+02
1.050397585224797581e+02
1.040262272727863149e+02
1.040262272727863149e+02
1.040262272727863149e+02
1.035960202604635612e+02
1.034197444612242833e+02
1.034197444612242833e+02
1.027176808568827795e+02
1.027176808568827795e+02
1.025097989345897389e+02
1.025097989345897389e+02
1.025097989345897389e+02
1.025097989345897389e+02
1.022669531937238503e+02
1.022435975656070895e+02
1.022435975656070895e+02
1.022435975656070895e+02
1.022435975656070895e+02
1.022435975656070895e+02
1.022435975656070752e+02
1.022435975656070895e+02
1.022435975656070895e+02
1.022435975656070895e+02
1.022435975656070752e+02
1.022435975656070895e+02
1.013552205885559232e+02
1.013340187521004196e+02
1.013340187521004196e+02
1.013340187521004196e+02
1.013340187521004196e+02
1.008426631453232005e+02
1.008190075062173179e+02
1.006813703079953797e+02
1.006416702506765830e+02
1.006416702506765830e+02
1.006416702506765830e+02
1.006416702506765830e+02
1.005821978935788508e+02
1.005134745869924018e+02
1.005134745869924018e+02
1.005134745869924018e+02
1.005134745869924018e+02
1.004023449169156095e+02
1.004023449169156095e+02
1.004023449169156095e+02
1.004023449169156095e+02
1.004023449169156095e+02
1.002685241511740202e+02
1.001589560790204132e+02
1.001589560790204132e+02
1.001589560790204132e+02
1.001589560790204132e+02
1.001589560790204132e+02
1.001589560790204132e+02
1.000368221708939984e+02
1.000368221708939984e+02
1.000368221708939984e+02
1.000368221708939984e+02
1.000368221708939984e+02
9.970916849667626991e+01
9.970916849667626991e+01
9.970916849667626991e+01
9.905955589955188145e+01
9.859613423251141739e+01
9.859613423251141739e+01
9.859613423251141739e+01
9.761531935365856327e+01
9.761531935365856327e+01
9.761531935365856327e+01
9.761531935365856327e+01
9.761531935365856327e+01
9.695631873972497772e+01
9.695631873972497772e+01
9.695631873972497772e+01
9.636515505671088988e+01
9.636515505671088988e+01
9.636515505671088988e+01
9.636515505671088988e+01
9.636515505671088988e+01
9.636515505671088988e+01
9.593257629784768881e+01
9.593257629784768881e+01
9.593257629784768881e+01
9.593257629784768881e+01
9.593257629784768881e+01
9.593257629784768881e+01
9.593257629784768881e+01
9.593257629784768881e+01
9.593257629784768881e+01
9.593257629784768881e+01
9.560016646358509718e+01
9.546579306212268534e+01
9.546579306212268534e+01
9.546579306212268534e+01
9.546579306212268534e+01
9.546579306212268534e+01
9.456120342307558246e+01
9.456120342307558246e+01
9.444141042092458349e+01
9.444141042092458349e+01
9.444141042092458349e+01
9.431683765798318575e+01
9.431683765798318575e+01
9.431683765798318575e+01
9.431683765798318575e+01
9.431683765798318575e+01
9.412334965301219825e+01
9.412334965301219825e+01
9.412334965301219825e+01
9.412334965301219825e+01
9.407604373883225435e+01
9.407604373883225435e+01
9.407604373883225435e+01
9.407604373883225435e+01
9.407604373883225435e+01
9.407604373883225435e+01
9.407604373883225435e+01
9.407604373883225435e+01
9.407604373883225435e+01
9.407604373883225435e+01
9.407604373883225435e+01
9.407604373883225435e+01
9.407604373883225435e+01
9.396727546235413797e+01
9.396727546235413797e+01
9.391408462419693137e+01
9.388560392780716768e+01
9.388560392780716768e+01
9.388560392780716768e+01
9.388560392780716768e+01
9.388560392780716768e+01
9.386858242270248809e+01
9.386858242270248809e+01
9.374314356894667810e+01
9.374314356894667810e+01
9.374314356894667810e+01
9.374314356894667810e+01
9.374314356894667810e+01
9.374314356894667810e+01
9.374314356894667810e+01
9.374314356894667810e+01
9.374314356894667810e+01
9.374314356894667810e+01
9.374314356894667810e+01
9.374314356894667810e+01
9.374314356894667810e+01
9.351928108991155852e+01
9.351928108991155852e+01
9.351928108991155852e+01
9.351928108991155852e+01
9.351928108991155852e+01
9.351928108991155852e+01
9.351928108991155852e+01
9.351928108991155852e+01
9.351928108991155852e+01
9.304647816884654787e+01
9.304647816884654787e+01
9.304647816884654787e+01
9.304647816884654787e+01
9.304647816884654787e+01
9.304647816884654787e+01
9.304647816884654787e+01
9.304647816884654787e+01
9.304647816884654787e+01
9.304647816884654787e+01
9.302402112139378687e+01
9.302402112139378687e+01
9.302402112139378687e+01
9.302402112139378687e+01
9.302402112139378687e+01
9.302402112139378687e+01
9.272752214723114150e+01
9.270523652587779395e+01
9.270523652587779395e+01
9.270523652587779395e+01
9.247977416299571018e+01
9.247977416299571018e+01
9.247977416299571018e+01
9.247977416299571018e+01
9.247977416299571018e+01
9.237054618661085215e+01
9.190660718719858835e+01
9.190660718719858835e+01
9.190660718719858835e+01
9.160979794368554963e+01
9.160979794368554963e+01
9.160979794368554963e+01
9.160979794368554963e+01
9.153607103062896044e+01
9.118701854803148876e+01
9.118701854803148876e+01
9.118701854803148876e+01
9.118701854803148876e+01
9.118701854803148876e+01
9.079680009759555048e+01
9.079680009759555048e+01
9.045846313467170319e+01
9.045846313467170319e+01
9.045846313467170319e+01
9.045846313467170319e+01
9.045846313467170319e+01
9.045846313467170319e+01
9.045846313467170319e+01
9.033829947185098774e+01
9.033829947185098774e+01
9.026846576120780696e+01
9.026846576120780696e+01
9.026846576120780696e+01
9.026846576120780696e+01
9.026846576120780696e+01
9.026846576120780696e+01
9.026846576120780696e+01
9.026846576120780696e+01
9.004291458653580094e+01
9.004291458653580094e+01
9.000150954157443550e+01
9.000150954157443550e+01
8.970644086735383382e+01
8.970644086735383382e+01
8.970644086735383382e+01
8.970644086735383382e+01
8.970644086735383382e+01
8.970644086735383382e+01
8.961406964547859388e+01
8.961406964547859388e+01
8.961406964547859388e+01
8.961406964547859388e+01
8.961406964547859388e+01
8.961406964547859388e+01
8.961406964547860809e+01
8.949184698705286678e+01
8.916886239955533711e+01
8.916886239955533711e+01
8.911504886620427612e+01
8.911504886620427612e+01
8.911504886620427612e+01
8.899258279653800230e+01
8.899258279653800230e+01
8.899258279653800230e+01
8.899258279653800230e+01
8.899258279653800230e+01
8.899258279653797388e+01
8.899258279653800230e+01
8.899258279653800230e+01
8.899258279653800230e+01
8.899258279653800230e+01
8.899258279653800230e+01
8.899258279653800230e+01
8.899258279653803072e+01
8.899258279653800230e+01
8.899258279653800230e+01
8.893206091524781698e+01
8.893206091524781698e+01
8.893206091524781698e+01
8.893206091524781698e+01
8.893206091524781698e+01
8.893206091524781698e+01
8.893206091524781698e+01
8.893206091524781698e+01
8.890193599723833984e+01
8.890193599723833984e+01
8.890193599723833984e+01
8.876769719026695782e+01
8.876769719026694361e+01
8.851483334210547582e+01
8.851483334210547582e+01
8.851483334210547582e+01
8.851483334210547582e+01
8.851483334210547582e+01
8.851483334210547582e+01
8.851483334210547582e+01
8.851483334210547582e+01
8.851483334210544740e+01
8.775836516354907246e+01
8.775836516354907246e+01
8.775836516354907246e+01
8.775836516354907246e+01
8.775214589871120552e+01
8.775214589871120552e+01
8.775214589871121973e+01
8.758670121760344784e+01
8.723016759521229346e+01
8.715308186211557029e+01
8.690820893103500566e+01
8.690820893103499145e+01
8.690820893103500566e+01
8.690820893103500566e+01
8.690820893103500566e+01
8.630386731671161726e+01
8.630386731671161726e+01
8.630386731671161726e+01
8.630386731671161726e+01
8.630386731671161726e+01
8.630386731671158884e+01
8.630386731671161726e+01
8.630386731671161726e+01
8.630386731671161726e+01
8.630386731671161726e+01
8.630386731671161726e+01
8.607880993848532114e+01
8.607880993848532114e+01
8.580068929488940910e+01
8.577329308821740028e+01
8.577329308821738607e+01
8.545115786834082883e+01
8.545115786834084304e+01
8.545115786834084304e+01
8.545115786834084304e+01
8.545115786834084304e+01
8.545115786834084304e+01
8.545115786834084304e+01
8.545115786834084304e+01
8.545115786834084304e+01
8.545115786834084304e+01
8.545115786834084304e+01
8.545115786834084304e+01
8.545115786834084304e+01
8.545115786834082883e+01
8.545115786834084304e+01
8.515360522561869061e+01
8.515360522561869061e+01
8.515360522561869061e+01
8.515360522561869061e+01
8.515360522561869061e+01
8.515360522561866219e+01
8.495488176909378808e+01
8.495488176909378808e+01
8.495488176909378808e+01
8.495488176909378808e+01
8.495488176909378808e+01
8.415663821335380135e+01
8.415663821335380135e+01
8.415663821335380135e+01
8.415663821335380135e+01
8.415663821335380135e+01
8.415663821335378714e+01
8.415663821335380135e+01
8.415663821335378714e+01
8.415663821335380135e+01
8.399617669993958202e+01
8.399617669993961044e+01
8.399617669993958202e+01
8.399617669993961044e+01
8.399617669993958202e+01
8.378832680319582948e+01
8.378832680319582948e+01
8.378832680319581527e+01
8.356290493417031939e+01
8.356290493417031939e+01
8.343445466066958716e+01
8.343445466066957295e+01
8.343445466066958716e+01
8.343445466066958716e+01
8.343445466066958716e+01
8.343445466066958716e+01
8.343445466066958716e+01
8.343445466066958716e+01
8.343445466066958716e+01
8.337714981323532015e+01
8.337714981323533436e+01
8.337714981323533436e+01
8.337714981323533436e+01
8.337714981323532015e+01
8.337714981323536279e+01
8.328884694090294261e+01
8.328884694090294261e+01
8.328884694090294261e+01
8.328884694090294261e+01
8.328884694090294261e+01
8.319446131454436966e+01
8.319446131454436966e+01
8.319446131454436966e+01
8.319446131454436966e+01
8.319446131454436966e+01
8.312771317613892563e+01
8.312771317613892563e+01
8.279385285926798588e+01
8.279385285926798588e+01
8.279385285926798588e+01
8.279385285926798588e+01
8.233379072739961657e+01
8.233379072739961657e+01
8.233379072739961657e+01
8.233379072739961657e+01
8.233379072739961657e+01
8.233379072739961657e+01
8.233379072739961657e+01
8.228522758109740209e+01
8.228522758109740209e+01
8.209547621157729225e+01
8.209547621157729225e+01
8.209547621157729225e+01
8.209547621157730646e+01
8.199740336410616237e+01
8.184803664450912208e+01
8.154360119265653850e+01
8.154360119265653850e+01
8.154360119265653850e+01
8.154360119265653850e+01
8.151333826879033495e+01
8.151333826879033495e+01
8.151333826879033495e+01
8.151333826879033495e+01
8.151333826879033495e+01
8.151333826879033495e+01
8.139808417261546936e+01
8.139808417261546936e+01
8.127215659964795691e+01
8.127215659964792849e+01
8.127215659964795691e+01
8.127215659964795691e+01
8.127215659964795691e+01
8.127215659964795691e+01
8.127215659964795691e+01
8.127215659964795691e+01
8.127215659964795691e+01
8.127215659964795691e+01
8.127215659964795691e+01
8.127215659964795691e+01
8.127215659964795691e+01
8.127215659964795691e+01
8.127215659964795691e+01
8.127215659964795691e+01
8.127215659964795691e+01
8.127215659964795691e+01
8.127215659964795691e+01
8.127215659964792849e+01
8.127215659964795691e+01
8.127215659964792849e+01
8.127215659964795691e+01
8.127215659964795691e+01
8.127215659964792849e+01
8.127215659964795691e+01
8.127215659964795691e+01
8.127215659964795691e+01
8.127215659964795691e+01
8.127215659964795691e+01
8.127215659964795691e+01
8.127215659964795691e+01
8.127215659964795691e+01
8.127215659964795691e+01
8.127215659964795691e+01
8.127215659964795691e+01
8.127215659964795691e+01
8.127215659964795691e+01
8.127215659964792849e+01
8.127215659964795691e+01
8.127215659964795691e+01
8.127215659964795691e+01
8.127215659964795691e+01
8.113067826865834320e+01
8.113067826865834320e+01
8.113067826865834320e+01
8.113067826865834320e+01
8.113067826865834320e+01
8.113067826865834320e+01
8.113067826865834320e+01
8.113067826865834320e+01
8.113067826865834320e+01
8.113067826865834320e+01
8.113067826865834320e+01
8.113067826865834320e+01
8.113067826865834320e+01
8.085034823299129414e+01
8.085034823299129414e+01
8.085034823299129414e+01
8.085034823299129414e+01
8.085034823299129414e+01
8.070955824641383458e+01
8.070955824641384879e+01
8.070955824641383458e+01
8.070955824641384879e+01
8.038480064506347844e+01
8.038480064506347844e+01
8.027089400829154897e+01
8.027089400829154897e+01
8.027089400829154897e+01
8.027089400829153476e+01
8.027089400829154897e+01
8.027089400829154897e+01
8.027089400829154897e+01
8.027089400829154897e+01
8.027089400829153476e+01
8.027089400829154897e+01
8.027089400829154897e+01
8.027089400829154897e+01
8.027089400829154897e+01
8.027089400829154897e+01
8.023913812053798722e+01
8.023913812053798722e+01
8.023913812053798722e+01
8.023913812053797301e+01
8.023913812053798722e+01
8.023913812053798722e+01
8.023913812053797301e+01
8.023913812053797301e+01
8.022572776510375547e+01
8.022572776510375547e+01
8.022572776510375547e+01
8.022572776510375547e+01
8.022572776510375547e+01
7.983843895169262339e+01
7.983843895169262339e+01
7.983843895169259497e+01
7.983843895169262339e+01
7.983843895169262339e+01
7.942270859482380274e+01
7.942270859482380274e+01
7.942270859482380274e+01
7.929284029066289463e+01
7.929284029066289463e+01
7.929284029066289463e+01
7.897572030699380718e+01
7.897572030699380718e+01
7.866840358605482209e+01
7.866840358605482209e+01
7.866840358605482209e+01
7.866840358605482209e+01
7.866840358605482209e+01
7.866840358605482209e+01
7.866840358605482209e+01
7.866840358605482209e+01
7.866840358605482209e+01
7.866840358605482209e+01
7.856620932621540021e+01
7.856620932621540021e+01
7.856620932621540021e+01
7.856620932621540021e+01
7.856620932621540021e+01
7.856620932621540021e+01
7.856620932621540021e+01
7.856620932621540021e+01
7.856620932621540021e+01
7.856620932621540021e+01
7.856606223196135375e+01
7.856606223196136796e+01
7.856606223196136796e+01
7.856606223196135375e+01
7.856606223196136796e+01
7.855241917762653259e+01
7.855241917762653259e+01
7.854632182544155228e+01
7.849350424334252807e+01
7.849350424334252807e+01
7.849350424334252807e+01
7.849350424334252807e+01
7.849350424334252807e+01
7.849350424334252807e+01
7.844357616462838223e+01
7.844357616462838223e+01
7.844357616462838223e+01
7.844357616462838223e+01
7.844357616462838223e+01
7.844357616462836802e+01
7.844357616462838223e+01
7.844357616462838223e+01
7.844357616462838223e+01
7.826669536153984552e+01
7.826669536153984552e+01
7.826669536153983131e+01
7.826669536153984552e+01
7.826669536153984552e+01
7.826669536153984552e+01
7.826669536153984552e+01
7.826669536153984552e+01
7.816043393913575699e+01
7.816043393913575699e+01
7.816043393913575699e+01
7.816043393913575699e+01
7.816043393913575699e+01
7.816043393913575699e+01
7.816043393913575699e+01
7.816043393913575699e+01
7.816043393913575699e+01
7.816043393913575699e+01
7.816043393913575699e+01
7.816043393913575699e+01
7.816043393913575699e+01
7.816043393913575699e+01
7.816043393913575699e+01
7.816043393913575699e+01
7.816043393913575699e+01
7.816043393913575699e+01
7.816043393913575699e+01
7.816043393913575699e+01
7.801549934265435127e+01
7.801549934265435127e+01
7.801549934265435127e+01
7.801549934265435127e+01
7.801549934265435127e+01
7.801549934265435127e+01
7.801549934265435127e+01
7.801549934265435127e+01
7.750291095016217469e+01
7.750291095016218890e+01
7.750291095016218890e+01
7.750291095016218890e+01
7.741324628108756656e+01
7.741324628108756656e+01
7.741324628108756656e+01
7.741324628108756656e+01
7.741324628108756656e+01
7.741324628108756656e+01
7.741324628108756656e+01
7.741324628108756656e+01
7.741324628108756656e+01
7.741324628108756656e+01
7.741324628108758077e+01
7.741324628108756656e+01
7.736795008148378372e+01
7.736795008148378372e+01
7.736795008148375530e+01
7.736795008148378372e+01
7.736795008148378372e+01
7.736795008148375530e+01
7.736795008148378372e+01
7.728100546286991346e+01
7.728100546286992767e+01
7.728100546286992767e+01
7.728100546286992767e+01
7.728100546286992767e+01
7.728100546286992767e+01
7.728100546286992767e+01
7.728100546286991346e+01
7.728100546286992767e+01
7.728100546286992767e+01
7.728100546286992767e+01
7.728100546286992767e+01
7.728100546286992767e+01
7.728100546286992767e+01
7.728100546286992767e+01
7.728100546286992767e+01
7.728100546286992767e+01
7.728100546286992767e+01
7.728100546286992767e+01
7.728100546286992767e+01
7.728100546286992767e+01
7.728100546286992767e+01
7.728100546286991346e+01
7.728100546286991346e+01
7.728100546286992767e+01
7.728100546286992767e+01
7.728100546286992767e+01
7.728100546286992767e+01
7.728100546286992767e+01
7.728100546286992767e+01
7.704176035356562124e+01
7.704176035356562124e+01
7.704176035356562124e+01
7.704176035356562124e+01
7.704176035356562124e+01
7.704176035356562124e+01
7.704176035356562124e+01
7.704176035356562124e+01
7.704176035356562124e+01
7.704176035356562124e+01
7.704176035356562124e+01
7.704176035356560703e+01
7.704176035356562124e+01
7.704176035356560703e+01
7.704176035356562124e+01
7.704176035356562124e+01
7.704176035356560703e+01
7.704176035356562124e+01
7.704176035356562124e+01
7.704176035356562124e+01
7.704176035356562124e+01
7.704176035356562124e+01
7.704176035356560703e+01
7.695110772006651700e+01
7.695110772006651700e+01
7.695110772006651700e+01
7.695110772006651700e+01
7.695110772006650279e+01
7.695110772006651700e+01
7.695110772006651700e+01
7.695110772006651700e+01
7.695110772006651700e+01
7.695110772006651700e+01
7.695110772006651700e+01
7.695110772006651700e+01
7.695110772006651700e+01
7.695110772006651700e+01
7.695110772006651700e+01
7.695110772006651700e+01
7.695110772006651700e+01
7.695110772006650279e+01
7.695110772006651700e+01
7.695110772006651700e+01
7.695110772006651700e+01
7.695110772006651700e+01
7.695110772006651700e+01
7.695110772006651700e+01
7.695110772006651700e+01
7.695110772006651700e+01
7.695110772006651700e+01
7.695110772006651700e+01
7.695110772006651700e+01
7.695110772006651700e+01
7.695110772006651700e+01
7.695110772006651700e+01
7.695110772006650279e+01
7.695110772006651700e+01
7.695110772006650279e+01
7.695110772006650279e+01
7.695110772006651700e+01
7.695110772006651700e+01
7.695110772006651700e+01
7.643528940580995368e+01
7.643528940580995368e+01
7.643528940580995368e+01
7.643528940580998210e+01
7.643528940580995368e+01
7.643528940580995368e+01
7.643528940580995368e+01
7.643528940580995368e+01
7.643528940580995368e+01
7.643528940580995368e+01
7.643528940580995368e+01
7.643528940580995368e+01
7.643528940580995368e+01
7.643528940580995368e+01
7.643528940580998210e+01
7.643528940580995368e+01
7.643528940580995368e+01
7.643528940580995368e+01
7.643528940580995368e+01
7.643528940580995368e+01
7.643528940580995368e+01
7.643528940580995368e+01
7.643528940580995368e+01
7.643528940580995368e+01
7.643528940580995368e+01
7.643528940580995368e+01
7.643528940580995368e+01
7.643528940580995368e+01
7.643528940580995368e+01
7.643528940580995368e+01
7.643528940580995368e+01
7.643528940580995368e+01
7.643528940580995368e+01
7.643528940580995368e+01
7.643528940580995368e+01
7.643528940580995368e+01
7.643528940580995368e+01
7.643528940580995368e+01
7.643528940580995368e+01
7.643528940580995368e+01
7.643528940580995368e+01
7.643528940580995368e+01
7.643528940580995368e+01
7.643528940580995368e+01
7.643528940580995368e+01
7.643528940580998210e+01
7.643528940580995368e+01
7.643528940580995368e+01
7.643528940580995368e+01
7.643528940580995368e+01
7.643528940580995368e+01
7.643528940580995368e+01
7.643528940580995368e+01
7.634757076973902201e+01
7.634757076973902201e+01
7.634757076973902201e+01
7.634757076973900780e+01
7.634757076973902201e+01
7.634757076973902201e+01
7.634757076973902201e+01
7.623506171730392111e+01
7.623506171730392111e+01
7.623506171730392111e+01
7.623506171730392111e+01
7.623506171730392111e+01
7.623506171730392111e+01
7.623506171730392111e+01
7.623506171730392111e+01
7.623506171730392111e+01
7.623506171730392111e+01
7.623506171730392111e+01
7.623506171730392111e+01
7.623506171730392111e+01
7.623506171730392111e+01
7.623506171730392111e+01
7.623506171730392111e+01
7.623506171730392111e+01
7.623506171730392111e+01
7.620382873735117357e+01
7.620382873735117357e+01
7.620382873735117357e+01
7.620382873735117357e+01
7.620382873735117357e+01
7.620382873735117357e+01
7.620382873735117357e+01
7.620382873735117357e+01
7.620382873735117357e+01
7.620382873735117357e+01
