6.254831196119023843e+03
5.758292511231999015e+03
5.385881721090009705e+03
4.962109543394294633e+03
4.710731651832800708e+03
4.529312940757204160e+03
4.351146120281125150e+03
4.101235744066988445e+03
3.951947152492653458e+03
3.800793875912881958e+03
3.626526426258275933e+03
3.493980907650881363e+03
3.360502197395143412e+03
3.239500125734533412e+03
3.137219410230850372e+03
3.028286870925976928e+03
2.915522605437869970e+03
2.804270352251623990e+03
2.693621213545099636e+03
2.604464394471370724e+03
2.499280601828446834e+03
2.413521857607092898e+03
2.324339757279672540e+03
2.239532465441920976e+03
2.153421028921800826e+03
2.079842343486514892e+03
2.011198951043855686e+03
1.928759509492412917e+03
1.853284798581529230e+03
1.772472619635082083e+03
1.695046537562043795e+03
1.635168269995332821e+03
1.559298977453402813e+03
1.496374855095422390e+03
1.419719610609085066e+03
1.373080746910381094e+03
1.311673994908121358e+03
1.236015473726181199e+03
1.194415170009593339e+03
1.132879887275802503e+03
1.080790266163676506e+03
1.027844938665831023e+03
9.720495160798383267e+02
9.320433343413752709e+02
8.926073771497185589e+02
8.521687515444476730e+02
8.172706486781863759e+02
7.697137596428732422e+02
7.363851667976537101e+02
7.011717532146167287e+02
6.632114819993751098e+02
6.346538061616381583e+02
6.055638641934810948e+02
5.692845375184965633e+02
5.430602332765664642e+02
5.112729974816127765e+02
4.805802607130328852e+02
4.546861441293020789e+02
4.305048473688613626e+02
4.077041510737877843e+02
3.809512316996637651e+02
3.570648778442725870e+02
3.374809183567962236e+02
3.212070300178860407e+02
3.034796444879693809e+02
2.886208852248121843e+02
2.700608942643338537e+02
2.545270557560991165e+02
2.406750013334641949e+02
2.294843962063388858e+02
2.156413228676135532e+02
2.057006702543625067e+02
1.947601652001501975e+02
1.865831134278271577e+02
1.771982724917420455e+02
1.683891783925366497e+02
1.602646501041747626e+02
1.536296804380992285e+02
1.448222758674079671e+02
1.369082638075538227e+02
1.258757275072728419e+02
1.223505663274417401e+02
1.178874938333029974e+02
1.130146351720061801e+02
1.091250128848231071e+02
1.075192273006263690e+02
1.029648843289939038e+02
9.790603340046436642e+01
9.581226375725670152e+01
9.305654823362974071e+01
9.068402135511379925e+01
8.909751866102068618e+01
8.827688954163049573e+01
8.461633306897978457e+01
8.352861626787314719e+01
8.280310581610055465e+01
8.072747983229783131e+01
7.955219321652553788e+01
7.720101762299405834e+01
7.589122903031257295e+01
7.563360066562802331e+01
7.403407352564745736e+01
7.271008253064248095e+01
7.152286074789381587e+01
7.051934231579943457e+01
7.015350680097159852e+01
6.996985840316563099e+01
6.895549046042600594e+01
6.875734552464696492e+01
6.859984383374535355e+01
6.849852799353489274e+01
6.826681652991331362e+01
6.810694181220374332e+01
6.763983812871049395e+01
6.723063547955173647e+01
6.683843640046242740e+01
6.641742058416750183e+01
6.612731536904274776e+01
6.543677573648483303e+01
6.543677573648483303e+01
6.512981084726148140e+01
6.496771080769264017e+01
6.496771080769264017e+01
6.468637760754862143e+01
6.459485215976619088e+01
6.458249510699654650e+01
6.451302064443527229e+01
6.437411463361434016e+01
6.416443284417043458e+01
6.395345283136353487e+01
6.384015175824333710e+01
6.356760352587291152e+01
6.339493262499274806e+01
6.244622405755245609e+01
6.240709217817885701e+01
6.240709217817885701e+01
6.239337574117505625e+01
6.239337574117505625e+01
6.186329830029200139e+01
6.181399353901083771e+01
6.181399353901083771e+01
6.151402037589600980e+01
6.151402037589600980e+01
6.131192095307762457e+01
6.130107460272417796e+01
6.130107460272417796e+01
6.130107460272417796e+01
6.130107460272417796e+01
6.124267920571716672e+01
6.124267920571716672e+01
6.124267920571716672e+01
6.095454049862463108e+01
6.095454049862463108e+01
6.095454049862463108e+01
6.091270519215074586e+01
6.091270519215074586e+01
6.091270519215074586e+01
6.091270519215074586e+01
6.062706407974069123e+01
6.058028002787492738e+01
6.049007547297399157e+01
6.001543575744339165e+01
5.996045686705495115e+01
5.996045686705495115e+01
5.996045686705495115e+01
5.993464028580560665e+01
5.984975192811494793e+01
5.978624652998892941e+01
5.971029419293262208e+01
5.963092699405804353e+01
5.951644174117537034e+01
5.951644174117537034e+01
5.951644174117537034e+01
5.951644174117537034e+01
5.951644174117537034e+01
5.951644174117537034e+01
5.951644174117537034e+01
5.951644174117537034e+01
5.951644174117537034e+01
5.951644174117537034e+01
5.931180859236395975e+01
5.931180859236395975e+01
5.931180859236395975e+01
5.884016956487011640e+01
5.864350269528730308e+01
5.855393824929408453e+01
5.817975062532098462e+01
5.781521551141145920e+01
5.781521551141143789e+01
5.781521551141145920e+01
5.777824522947087615e+01
5.777824522947087615e+01
5.772263147910874892e+01
5.765923473872442173e+01
5.754318822465170058e+01
5.754318822465170058e+01
5.738276107740963283e+01
5.738276107740963283e+01
5.731043492614868029e+01
5.731043492614868029e+01
5.731043492614868029e+01
5.731043492614868029e+01
5.731043492614868029e+01
5.731043492614868029e+01
5.715971482506120083e+01
5.715971482506117951e+01
5.715971482506120083e+01
5.715971482506120083e+01
5.715971482506120083e+01
5.709336908028073054e+01
5.709336908028073054e+01
5.709336908028073054e+01
5.707930892872725792e+01
5.705966193389048868e+01
5.703250778489500306e+01
5.696861602765066124e+01
5.677692354663511054e+01
5.677692354663511054e+01
5.677692354663511054e+01
5.677692354663511054e+01
5.672903660842194995e+01
5.672903660842194995e+01
5.672903660842194995e+01
5.663650954198227083e+01
5.663650954198227083e+01
5.663650954198227083e+01
5.663650954198227083e+01
5.663650954198227083e+01
5.663650954198227083e+01
5.663650954198224952e+01
5.639903331615931137e+01
5.628981864805221136e+01
5.587617828148963639e+01
5.587617828148963639e+01
5.587617828148963639e+01
5.578109568721549039e+01
5.578109568721549039e+01
5.578109568721549039e+01
5.578109568721549039e+01
5.568429642063942708e+01
5.565912560152717248e+01
5.565912560152717248e+01
5.565912560152717248e+01
5.565912560152717248e+01
5.550799428172143024e+01
5.543017839019948667e+01
5.543017839019948667e+01
5.531154884250003079e+01
5.531154884250003079e+01
5.531154884250003079e+01
5.531154884250003079e+01
5.531154884250003079e+01
5.531154884250003079e+01
5.511695918139542272e+01
5.496320716504728665e+01
5.447121620860434632e+01
5.447121620860434632e+01
5.447121620860434632e+01
5.447121620860434632e+01
5.447121620860434632e+01
5.447121620860434632e+01
5.447121620860434632e+01
5.447121620860434632e+01
5.447121620860434632e+01
5.447121620860434632e+01
5.447121620860434632e+01
5.426305460563756355e+01
5.422167123240888031e+01
5.418804588266269917e+01
5.418804588266269917e+01
5.390029030216202699e+01
5.377384659916636878e+01
5.377384659916636878e+01
5.374958645882536246e+01
5.374958645882536246e+01
5.374958645882536246e+01
5.374958645882536246e+01
5.374958645882536246e+01
5.374958645882536246e+01
5.374958645882536246e+01
5.368701774814704208e+01
5.361833469565534926e+01
5.361833469565534926e+01
5.343929240857831786e+01
5.334854407204110061e+01
5.334854407204110061e+01
5.334854407204110061e+01
5.334854407204110061e+01
5.334854407204110061e+01
5.334854407204110061e+01
5.334854407204108639e+01
5.334049095697321263e+01
5.334049095697321263e+01
5.334049095697321263e+01
5.334049095697321263e+01
5.334049095697321263e+01
5.334049095697321263e+01
5.334049095697321263e+01
5.328283180370908667e+01
5.328283180370908667e+01
5.328283180370908667e+01
5.328283180370908667e+01
5.328283180370908667e+01
5.328283180370908667e+01
5.328283180370908667e+01
5.328283180370908667e+01
5.308369938023717083e+01
5.303949245101297549e+01
5.298679435030754092e+01
5.298679435030754092e+01
5.298679435030754092e+01
5.274741916514992823e+01
5.274741916514992823e+01
5.274737178160572171e+01
5.274737178160572171e+01
5.262440616836155272e+01
5.261951116639547621e+01
5.244336375272779094e+01
5.244336375272779094e+01
5.244336375272779094e+01
5.244336375272779094e+01
5.244336375272779094e+01
5.244336375272779094e+01
5.244336375272779094e+01
5.234707928031758684e+01
5.234707928031758684e+01
5.234707928031758684e+01
5.234707928031758684e+01
5.234707928031758684e+01
5.234707928031758684e+01
5.234414763036948415e+01
5.234414763036948415e+01
5.234414763036948415e+01
5.234414763036948415e+01
5.234414763036948415e+01
5.234414763036948415e+01
5.234414763036948415e+01
5.234414763036948415e+01
5.234414763036948415e+01
5.234414763036948415e+01
5.234414763036948415e+01
5.234414763036948415e+01
5.234414763036948415e+01
5.234414763036948415e+01
5.234414763036948415e+01
5.234414763036948415e+01
5.234414763036948415e+01
5.234414763036948415e+01
5.218148008578047126e+01
5.218148008578047126e+01
5.218148008578047126e+01
5.218148008578047126e+01
5.218148008578047126e+01
5.218148008578047126e+01
5.195482135944553903e+01
5.195482135944553903e+01
5.195482135944553903e+01
5.195482135944553903e+01
5.195482135944553903e+01
5.195482135944553903e+01
5.182629797163610874e+01
5.182629797163610874e+01
5.148343877530695067e+01
5.148343877530695067e+01
5.148343877530695067e+01
5.148343877530695067e+01
5.140599321018819268e+01
5.140599321018819268e+01
5.140599321018819268e+01
5.140599321018819268e+01
5.140599321018819268e+01
5.138714148118043568e+01
5.138714148118043568e+01
5.138714148118043568e+01
5.138714148118043568e+01
5.138328610347432601e+01
5.129994946154265278e+01
5.129994946154265278e+01
5.129994946154265278e+01
5.129994946154265278e+01
5.129994946154265278e+01
5.129994946154265278e+01
5.123695563565726729e+01
5.123695563565726729e+01
5.123695563565726729e+01
5.123695563565726729e+01
5.123695563565726729e+01
5.123695563565726729e+01
5.123470576189777148e+01
5.118867367347293396e+01
5.118867367347293396e+01
5.118867367347293396e+01
5.095427339154743862e+01
5.095427339154743862e+01
5.095427339154743862e+01
5.095427339154743862e+01
5.090998105648217376e+01
5.090998105648217376e+01
5.075261688277452521e+01
5.075261688277452521e+01
5.075261688277452521e+01
5.070270092781474602e+01
5.070270092781474602e+01
5.070270092781474602e+01
5.070270092781474602e+01
5.070270092781474602e+01
5.063152090517362325e+01
5.063152090517362325e+01
5.063152090517362325e+01
5.063152090517362325e+01
5.055166748974016855e+01
5.055166748974016855e+01
5.055166748974016855e+01
5.055166748974016855e+01
5.055166748974016855e+01
5.055166748974016855e+01
5.055166748974016855e+01
5.055166748974016855e+01
5.055166748974016855e+01
5.055166748974016855e+01
5.055166748974016855e+01
5.055166748974016855e+01
5.055166748974016855e+01
5.055166748974016855e+01
5.055166748974016855e+01
5.055166748974016855e+01
5.055166748974016855e+01
5.048622230160344770e+01
5.048622230160344770e+01
5.048622230160344770e+01
5.048622230160344770e+01
5.048622230160344770e+01
5.048622230160344770e+01
5.048622230160344770e+01
5.048622230160344770e+01
5.014301751042332711e+01
5.014301751042332711e+01
5.014301751042332711e+01
5.009414084415899993e+01
5.009414084415899993e+01
5.009414084415899993e+01
5.009414084415899993e+01
5.009414084415899993e+01
5.009414084415899993e+01
5.009414084415899993e+01
5.009414084415899993e+01
5.009414084415899993e+01
5.009414084415899993e+01
5.009414084415899993e+01
5.009414084415899993e+01
5.009414084415899993e+01
5.002654379846799060e+01
5.002654379846799060e+01
5.002654379846799060e+01
5.002654379846799060e+01
5.002654379846799060e+01
5.002654379846799060e+01
5.002654379846799060e+01
4.995782217369914946e+01
4.995782217369914946e+01
4.995782217369914946e+01
4.995782217369914946e+01
4.995782217369914946e+01
4.995782217369914946e+01
4.995782217369914946e+01
4.995782217369914946e+01
4.995782217369914946e+01
4.988361467961740203e+01
4.988361467961740203e+01
4.982145777844043266e+01
4.982145777844043266e+01
4.982145777844043266e+01
4.982145777844043266e+01
4.960894909277903508e+01
4.960894909277903508e+01
4.957139135999516810e+01
4.957139135999516810e+01
4.957139135999516810e+01
4.957139135999516810e+01
4.957139135999516810e+01
4.957139135999516810e+01
4.952209017765324006e+01
4.952209017765324006e+01
4.907521340000124610e+01
4.907521340000124610e+01
4.907521340000124610e+01
4.907521340000124610e+01
4.907521340000124610e+01
4.907521340000124610e+01
4.907521340000124610e+01
4.907521340000124610e+01
4.907521340000124610e+01
4.907521340000124610e+01
4.897756168409211597e+01
4.897756168409211597e+01
4.897756168409211597e+01
4.897756168409211597e+01
4.897756168409211597e+01
4.897756168409211597e+01
4.897756168409211597e+01
4.897756168409211597e+01
4.897756168409211597e+01
4.897756168409211597e+01
4.897756168409211597e+01
4.897756168409211597e+01
4.897756168409211597e+01
4.897756168409211597e+01
4.897756168409211597e+01
4.897756168409211597e+01
4.897756168409211597e+01
4.897756168409211597e+01
4.897756168409211597e+01
4.897756168409211597e+01
4.897756168409211597e+01
4.897756168409211597e+01
4.897756168409211597e+01
4.895866903648011714e+01
4.895866903648011714e+01
4.895866903648011714e+01
4.895866903648011714e+01
4.895866903648011714e+01
4.895866903648011714e+01
4.888148104116110204e+01
4.884962483867961680e+01
4.877171298636137919e+01
4.877171298636137919e+01
4.877171298636137919e+01
4.877171298636137919e+01
4.877171298636137919e+01
4.877171298636137919e+01
4.877171298636137919e+01
4.877171298636137919e+01
4.877171298636137919e+01
4.864576945834792809e+01
4.864576945834792809e+01
4.864576945834792809e+01
4.864576945834792809e+01
4.864576945834792809e+01
4.864576945834792809e+01
4.864576945834792809e+01
4.864576945834792809e+01
4.864576945834792809e+01
4.855303051970552985e+01
4.855303051970552985e+01
4.855303051970552985e+01
4.855303051970552985e+01
4.855303051970552985e+01
4.855303051970552985e+01
4.855303051970552985e+01
4.855303051970552985e+01
4.855303051970552985e+01
4.851611940743077867e+01
4.846334637159869629e+01
4.832992686231147417e+01
4.832992686231147417e+01
4.832992686231147417e+01
4.832992686231147417e+01
4.832992686231147417e+01
4.832992686231147417e+01
4.832992686231147417e+01
4.832992686231147417e+01
4.832992686231147417e+01
4.832992686231147417e+01
4.832992686231147417e+01
4.832992686231147417e+01
4.832992686231147417e+01
4.832992686231147417e+01
4.832992686231147417e+01
4.832992686231147417e+01
4.832992686231147417e+01
4.832992686231147417e+01
4.832992686231147417e+01
4.832992686231147417e+01
4.821911978832996226e+01
4.821911978832996226e+01
4.821911978832996226e+01
4.821911978832996226e+01
4.821911978832996226e+01
4.809486312680108000e+01
4.809486312680108000e+01
4.805641196839170703e+01
4.805641196839170703e+01
4.805641196839170703e+01
4.799873635525398186e+01
4.799873635525398186e+01
4.762573837938177945e+01
4.762573837938177945e+01
4.762573837938177945e+01
4.762573837938177945e+01
4.762573837938177945e+01
4.762573837938177945e+01
4.762573837938177945e+01
4.762573837938177945e+01
4.762573837938177945e+01
4.762573837938177945e+01
4.762573837938177945e+01
4.762573837938177945e+01
4.762573837938177945e+01
4.762573837938177945e+01
4.748438132568243475e+01
4.748438132568243475e+01
4.748438132568243475e+01
4.748438132568243475e+01
4.748438132568243475e+01
4.748438132568243475e+01
4.748438132568243475e+01
4.748438132568243475e+01
4.748438132568243475e+01
4.748438132568243475e+01
4.748438132568243475e+01
4.743239599967084530e+01
4.743239599967084530e+01
4.743239599967084530e+01
4.743239599967084530e+01
4.743239599967084530e+01
4.730159482453155562e+01
4.730159482453155562e+01
4.722690553231105071e+01
4.722690553231105071e+01
4.721784227251730215e+01
4.721784227251730215e+01
4.721784227251730215e+01
4.721784227251730215e+01
4.721784227251730215e+01
4.721784227251730215e+01
4.721784227251730215e+01
4.721784227251730215e+01
4.721784227251730215e+01
4.721784227251730215e+01
4.721784227251730215e+01
4.721784227251730215e+01
4.721784227251730215e+01
4.721784227251730215e+01
4.721784227251730215e+01
4.721784227251730215e+01
4.721784227251730215e+01
4.721784227251730215e+01
4.721784227251730215e+01
4.721784227251730215e+01
4.721784227251730215e+01
4.721784227251730215e+01
4.719441574380881121e+01
4.719441574380881121e+01
4.703936892264343328e+01
4.703936892264343328e+01
4.703936892264343328e+01
4.703936892264343328e+01
4.703936892264343328e+01
4.703936892264343328e+01
4.703936892264343328e+01
4.703936892264343328e+01
4.703936892264343328e+01
4.703936892264343328e+01
4.703936892264343328e+01
4.703936892264343328e+01
4.703936892264343328e+01
4.703936892264343328e+01
4.703936892264343328e+01
4.703936892264343328e+01
4.703936892264343328e+01
4.694389208676756198e+01
4.694389208676756198e+01
4.694389208676756198e+01
4.693769247359782071e+01
4.693769247359782071e+01
4.693769247359782071e+01
4.693769247359782071e+01
4.693769247359782071e+01
4.693769247359782071e+01
4.693769247359782071e+01
4.693769247359782071e+01
4.693769247359782071e+01
4.693769247359782071e+01
4.693769247359782071e+01
4.674966405418091142e+01
4.674966405418091142e+01
4.674216623883557276e+01
4.674216623883557276e+01
4.674216623883557276e+01
4.674216623883557276e+01
4.674216623883557276e+01
4.674216623883557276e+01
4.674216623883557276e+01
4.674216623883557276e+01
4.674216623883557276e+01
4.674216623883557276e+01
4.674216623883557276e+01
4.674216623883557276e+01
4.674216623883557276e+01
4.674216623883557276e+01
4.674216623883557276e+01
4.674216623883557276e+01
4.674216623883557276e+01
4.674216623883557276e+01
4.674216623883557276e+01
4.674216623883557276e+01
4.674216623883557276e+01
4.674216623883557276e+01
4.674216623883557276e+01
4.674216623883557276e+01
4.674216623883557276e+01
4.674216623883557276e+01
4.674216623883557276e+01
4.674216623883557276e+01
4.674216623883557276e+01
4.674216623883557276e+01
4.674216623883557276e+01
4.674216623883557276e+01
4.674216623883557276e+01
4.674216623883557276e+01
4.674216623883557276e+01
4.674216623883557276e+01
4.669539188725704548e+01
4.669539188725704548e+01
4.669539188725704548e+01
4.669539188725704548e+01
4.669539188725704548e+01
4.669539188725704548e+01
4.669539188725704548e+01
4.669539188725704548e+01
4.669539188725704548e+01
4.669539188725704548e+01
4.661026657301348308e+01
4.661026657301348308e+01
4.661026657301348308e+01
4.661026657301348308e+01
4.661026657301348308e+01
4.659670099579360425e+01
4.659670099579360425e+01
4.651975409911098325e+01
4.651975409911098325e+01
4.651975409911098325e+01
4.651975409911098325e+01
4.651975409911098325e+01
4.651975409911098325e+01
4.651975409911098325e+01
4.651975409911098325e+01
4.651975409911098325e+01
4.651975409911098325e+01
4.651975409911098325e+01
4.651975409911098325e+01
4.651975409911098325e+01
4.651975409911098325e+01
4.646800149025695958e+01
4.646800149025695958e+01
4.646800149025695958e+01
4.646800149025695958e+01
4.644859154894636077e+01
4.644859154894636077e+01
4.642070384623944079e+01
4.642070384623944079e+01
4.642070384623944079e+01
4.633134990741459092e+01
4.633134990741459092e+01
4.633134990741459092e+01
4.633134990741459092e+01
4.633134990741459092e+01
4.633134990741459092e+01
4.625479846098085801e+01
4.625479846098085801e+01
4.625479846098085801e+01
4.625479846098085801e+01
4.625479846098085801e+01
4.625479846098085801e+01
4.625479846098085801e+01
4.625479846098085801e+01
4.625479846098085801e+01
4.625479846098085801e+01
4.625479846098085801e+01
4.623760610976695773e+01
4.623760610976695773e+01
4.623760610976695773e+01
4.623760610976695773e+01
4.623760610976695773e+01
4.623760610976695773e+01
4.623760610976695773e+01
4.623760610976695773e+01
4.623760610976695773e+01
4.623760610976695773e+01
4.623760610976695773e+01
4.623760610976695773e+01
4.623760610976695773e+01
4.623760610976695773e+01
4.623760610976695773e+01
4.623760610976695773e+01
4.623760610976695773e+01
4.623760610976695773e+01
4.623760610976695773e+01
4.623760610976695773e+01
4.623760610976695773e+01
4.623760610976695773e+01
4.623760610976695773e+01
4.623760610976695773e+01
4.623760610976695773e+01
4.623760610976695773e+01
4.623760610976695773e+01
4.623760610976695773e+01
4.623760610976695773e+01
4.623760610976695773e+01
4.623760610976695773e+01
4.623760610976695773e+01
4.623760610976695773e+01
4.623760610976695773e+01
4.623760610976695773e+01
4.623760610976695773e+01
4.623760610976695773e+01
4.623760610976695773e+01
4.623760610976695773e+01
4.623760610976695773e+01
4.623760610976695773e+01
4.623760610976695773e+01
4.623760610976695773e+01
4.623760610976695773e+01
4.623760610976695773e+01
4.623760610976695773e+01
4.623760610976695773e+01
4.623760610976695773e+01
4.623760610976695773e+01
4.623760610976695773e+01
4.623760610976695773e+01
4.623760610976695773e+01
4.623760610976695773e+01
4.623760610976695773e+01
4.623760610976695773e+01
4.610074929193861237e+01
4.610074929193861237e+01
4.610074929193861237e+01
4.610074929193861237e+01
4.610074929193861237e+01
4.610074929193861237e+01
4.610074929193861237e+01
4.610074929193861237e+01
4.610074929193861237e+01
4.610074929193859816e+01
4.610074929193861237e+01
4.597462675537603616e+01
4.597462675537603616e+01
4.597462675537603616e+01
4.597462675537603616e+01
4.597462675537603616e+01
4.597462675537603616e+01
4.597462675537603616e+01
4.597462675537603616e+01
4.597462675537603616e+01
4.597462675537603616e+01
4.597462675537603616e+01
4.597462675537603616e+01
4.597462675537603616e+01
4.596448759360680469e+01
4.596448759360680469e+01
4.596448759360680469e+01
4.596448759360680469e+01
4.596448759360680469e+01
4.596448759360680469e+01
4.596448759360680469e+01
4.596448759360680469e+01
4.596448759360680469e+01
4.596448759360680469e+01
4.596448759360680469e+01
4.596448759360680469e+01
4.596448759360680469e+01
4.596448759360680469e+01
4.596448759360680469e+01
4.596448759360680469e+01
4.596448759360680469e+01
4.596448759360680469e+01
4.596448759360680469e+01
4.596448759360680469e+01
4.596448759360681890e+01
4.596448759360680469e+01
4.596448759360680469e+01
4.596448759360680469e+01
4.596448759360680469e+01
4.596448759360680469e+01
4.596448759360680469e+01
4.596448759360680469e+01
4.596448759360680469e+01
4.596448759360680469e+01
4.596448759360680469e+01
4.596448759360680469e+01
4.596448759360680469e+01
4.596448759360680469e+01
4.596448759360680469e+01
4.596448759360680469e+01
4.596448759360680469e+01
4.551621119825793471e+01
4.551621119825793471e+01
4.551621119825793471e+01
4.551621119825793471e+01
4.551621119825793471e+01
4.551621119825793471e+01
4.551621119825793471e+01
4.551621119825793471e+01
4.547325584652514863e+01
4.547325584652514863e+01
4.547325584652514863e+01
4.547325584652514863e+01
4.547325584652514863e+01
4.547325584652514863e+01
4.547325584652514863e+01
4.547325584652514863e+01
4.547325584652514863e+01
4.547325584652514863e+01
4.547325584652514863e+01
4.547325584652514863e+01
4.547325584652514863e+01
4.547325584652514863e+01
4.547325584652514863e+01
4.547325584652514863e+01
4.547325584652514863e+01
4.547325584652514863e+01
4.544394476459509491e+01
4.541151167546803435e+01
4.541151167546803435e+01
4.541151167546803435e+01
4.541151167546803435e+01
4.541151167546803435e+01
4.541151167546803435e+01
4.541151167546803435e+01
4.541151167546803435e+01
4.541151167546803435e+01
4.541151167546803435e+01
4.541151167546803435e+01
4.541151167546803435e+01
4.541151167546803435e+01
4.541151167546803435e+01
4.541151167546803435e+01
4.541151167546803435e+01
4.541151167546803435e+01
4.541151167546803435e+01
4.541151167546803435e+01
4.541151167546803435e+01
4.541151167546803435e+01
4.541151167546803435e+01
4.541151167546803435e+01
4.541151167546803435e+01
4.541151167546803435e+01
4.541151167546803435e+01
4.541151167546803435e+01
4.541151167546803435e+01
4.541151167546803435e+01
4.541151167546803435e+01
4.541151167546803435e+01
4.541151167546803435e+01
4.541151167546803435e+01
4.541151167546803435e+01
4.541151167546803435e+01
4.541151167546803435e+01
4.541151167546803435e+01
4.541151167546803435e+01
4.541151167546803435e+01
4.529899543540889084e+01
4.529899543540889084e+01
4.529899543540889084e+01
4.529899543540889084e+01
4.529899543540889084e+01
4.529899543540889084e+01
4.529899543540889084e+01
4.529899543540889084e+01
4.529899543540889084e+01
4.529899543540889084e+01
4.529899543540889084e+01
4.529899543540889084e+01
4.529899543540889084e+01
4.529899543540889084e+01
4.529899543540889084e+01
4.529899543540889084e+01
4.529899543540889084e+01
4.529899543540889084e+01
4.529899543540889084e+01
4.529899543540889084e+01
4.529899543540889084e+01
4.520517931424070923e+01
4.520517931424070923e+01
4.520517931424070923e+01
4.520517931424070923e+01
4.499692801149456756e+01
4.499692801149456756e+01
4.499692801149456756e+01
4.499692801149456756e+01
4.499692801149456756e+01
4.499692801149456756e+01
4.499692801149456756e+01
4.498369499615755274e+01
4.498369499615755274e+01
4.498369499615755274e+01
4.498369499615755274e+01
4.498369499615755274e+01
4.498201067124381325e+01
4.498201067124381325e+01
4.498201067124381325e+01
4.498201067124381325e+01
4.498201067124381325e+01
4.498201067124381325e+01
4.498201067124381325e+01
4.498201067124381325e+01
4.498201067124381325e+01
4.498201067124381325e+01
4.498201067124381325e+01
4.486877363858576473e+01
