8.206871909007054455e+01
6.981265907399148318e+01
6.189043210946189078e+01
4.721118892177568682e+01
3.377443484252663097e+01
2.892029104250183735e+01
2.148664714224910099e+01
1.764911933577307224e+01
1.355469616507994246e+01
1.005386907687308451e+01
7.514573529078866443e+00
5.530583450550584423e+00
4.261836720092984088e+00
3.220411999354199750e+00
2.560644318870174629e+00
2.177690148325264197e+00
1.863562471483644511e+00
1.778165949356989906e+00
1.574500467119004821e+00
1.529984537551058565e+00
1.400540633687460179e+00
1.365855591899939325e+00
1.323023951504296747e+00
1.278393007042325280e+00
1.238086186963960778e+00
1.191289347876162807e+00
1.156780844687294252e+00
1.106909510599024982e+00
1.066660232094943428e+00
1.055373306002828526e+00
1.004848736161222389e+00
9.466286023574539410e-01
9.231991141710276239e-01
9.165180976110471889e-01
8.811689686447464753e-01
8.577474276165284461e-01
8.162648366357663221e-01
7.411047226719759129e-01
7.136045821324670246e-01
6.997205073983068235e-01
6.877736964101061057e-01
6.562681340563605303e-01
6.548896614951499329e-01
6.501551492537208654e-01
6.260938025655569117e-01
6.188163401429322974e-01
6.188163401429322974e-01
6.178455382433488685e-01
6.022631454557554331e-01
5.933055185530821118e-01
5.523548295502076488e-01
5.368353063265134395e-01
5.325730344713417441e-01
5.265589061980492369e-01
5.139656445711480171e-01
4.941618793404078391e-01
4.850479798569388157e-01
4.444698417735855056e-01
4.444698417735855056e-01
4.417072167590577747e-01
4.417072167590577747e-01
4.342014898560119240e-01
4.342014898560119240e-01
4.243295072924043176e-01
4.083402765208093421e-01
4.083402765208093421e-01
4.083402765208093421e-01
4.038432154851813172e-01
3.940225931988856622e-01
3.827464660483437808e-01
3.827464660483437808e-01
3.748538922265349238e-01
3.748538922265349238e-01
3.477469177543427992e-01
3.442486117506960430e-01
3.442486117506960430e-01
3.360222141385788008e-01
3.360222141385788008e-01
3.360222141385788008e-01
3.228586997309401685e-01
3.177703628380810219e-01
3.059848028474747017e-01
3.059848028474747017e-01
3.045132448740580089e-01
3.045132448740580089e-01
2.946708850374115118e-01
2.942714355857738995e-01
2.942714355857738995e-01
2.942714355857738995e-01
2.903198038696894745e-01
2.903198038696894745e-01
2.857490893778386054e-01
2.857490893778386054e-01
2.771394341033161512e-01
2.771394341033161512e-01
2.756557927594583401e-01
2.500269664372835599e-01
2.500269664372835599e-01
2.500269664372835599e-01
2.500269664372835599e-01
2.500269664372835599e-01
2.500269664372835599e-01
2.500269664372835599e-01
2.500269664372835599e-01
2.500269664372835599e-01
2.500269664372835599e-01
2.500269664372835599e-01
2.500269664372835599e-01
2.500269664372835599e-01
2.500269664372835599e-01
2.500269664372835599e-01
2.437971297052052011e-01
2.435728382364960865e-01
2.405768731138575312e-01
2.405768731138575312e-01
2.365685147465239613e-01
2.365685147465239613e-01
2.365685147465239613e-01
2.365685147465239613e-01
2.365685147465239613e-01
2.365685147465239613e-01
2.365685147465239613e-01
2.319212995273217393e-01
2.319212995273217393e-01
2.251637304543703255e-01
2.251637304543703255e-01
2.218022753527237600e-01
2.218022753527237600e-01
2.218022753527237600e-01
2.213816715717986383e-01
2.186087321715938503e-01
1.925848948466750699e-01
1.925848948466750699e-01
1.901972683669285735e-01
1.901972683669285735e-01
1.901972683669285735e-01
1.901972683669285735e-01
1.845195629891559774e-01
1.845195629891559774e-01
1.845195629891559774e-01
1.845195629891559774e-01
1.839287262771928944e-01
1.839287262771928944e-01
1.839287262771928944e-01
1.795345258195242544e-01
1.778369035616733373e-01
1.778369035616733373e-01
1.719442929671909093e-01
1.719442929671909093e-01
1.653086381551280848e-01
1.653086381551280848e-01
1.590622365839535479e-01
1.590622365839535479e-01
1.590622365839535479e-01
1.585680442897807740e-01
1.585680442897807740e-01
1.585680442897807740e-01
1.579675461324552277e-01
1.579675461324552277e-01
1.564001325795061348e-01
1.510532249263637772e-01
1.494912245835269271e-01
1.494912245835269271e-01
1.494912245835269271e-01
1.494912245835269271e-01
1.494912245835269271e-01
1.494912245835269271e-01
1.494912245835269271e-01
1.423818291638901667e-01
1.423818291638901667e-01
1.423818291638901667e-01
1.352523158833971173e-01
1.318461077523695457e-01
1.318461077523695457e-01
1.266661215945220631e-01
1.188507432131263725e-01
1.188507432131263725e-01
1.188507432131263725e-01
1.188507432131263725e-01
1.188507432131263725e-01
1.188507432131263725e-01
1.188507432131263725e-01
1.188507432131263725e-01
1.103043525689332283e-01
1.103043525689332283e-01
1.103043525689332283e-01
1.103043525689332283e-01
1.103043525689332283e-01
1.098989718191573373e-01
1.098989718191573373e-01
1.098989718191573373e-01
1.098989718191573373e-01
1.098989718191573373e-01
1.098989718191573373e-01
1.055811195911282308e-01
1.032844441137221042e-01
1.011008041654779949e-01
1.011008041654779949e-01
1.011008041654779949e-01
1.006719368697894940e-01
1.006719368697894940e-01
1.006719368697894940e-01
1.002317471667244220e-01
1.002317471667244220e-01
1.002317471667244220e-01
1.002317471667244220e-01
1.002317471667244220e-01
1.002317471667244220e-01
1.002317471667244220e-01
9.895040887887578129e-02
9.895040887887578129e-02
9.895040887887578129e-02
9.722167280502577724e-02
9.722167280502577724e-02
9.722167280502577724e-02
9.722167280502577724e-02
9.722167280502577724e-02
9.714720740793288123e-02
9.714720740793288123e-02
9.608677575938912030e-02
9.608677575938912030e-02
9.608677575938912030e-02
9.470571094815273538e-02
9.470571094815273538e-02
9.470571094815273538e-02
9.470571094815273538e-02
9.470571094815273538e-02
9.470571094815273538e-02
9.470571094815273538e-02
9.470571094815273538e-02
9.470571094815273538e-02
9.470571094815273538e-02
9.470571094815273538e-02
9.470571094815273538e-02
9.426007053154120130e-02
9.426007053154120130e-02
9.426007053154120130e-02
9.426007053154120130e-02
9.426007053154120130e-02
9.426007053154120130e-02
9.426007053154120130e-02
9.426007053154120130e-02
9.248233622012250188e-02
9.248233622012250188e-02
9.248233622012250188e-02
9.248233622012250188e-02
9.248233622012250188e-02
9.248233622012250188e-02
9.248233622012250188e-02
9.248233622012250188e-02
8.980952327534490187e-02
8.980952327534490187e-02
8.980952327534490187e-02
8.980952327534490187e-02
8.980952327534490187e-02
8.980952327534490187e-02
8.980952327534490187e-02
8.948797809905588430e-02
8.948797809905588430e-02
8.947912722280026987e-02
8.219321698017406641e-02
8.219321698017406641e-02
8.219321698017406641e-02
8.219321698017406641e-02
7.989601431267832898e-02
7.989601431267832898e-02
7.989601431267832898e-02
7.989601431267832898e-02
7.989601431267832898e-02
7.989601431267832898e-02
7.989601431267832898e-02
7.989601431267832898e-02
7.770239313453644603e-02
7.770239313453644603e-02
7.770239313453644603e-02
7.770239313453644603e-02
7.770239313453644603e-02
7.770239313453644603e-02
7.770239313453644603e-02
7.685196946332820134e-02
7.685196946332820134e-02
7.685196946332820134e-02
7.685196946332820134e-02
7.685196946332820134e-02
7.490526671301053763e-02
7.490526671301053763e-02
7.490526671301053763e-02
7.490526671301053763e-02
7.490526671301053763e-02
7.490526671301053763e-02
7.490526671301053763e-02
7.490526671301053763e-02
7.490526671301053763e-02
7.490526671301053763e-02
7.490526671301053763e-02
7.490526671301053763e-02
7.490526671301053763e-02
7.490526671301053763e-02
7.490526671301053763e-02
7.490526671301053763e-02
7.374716286098721707e-02
7.374716286098721707e-02
7.374716286098721707e-02
7.374716286098721707e-02
7.374716286098721707e-02
7.374716286098721707e-02
7.374716286098721707e-02
7.374716286098721707e-02
7.374716286098721707e-02
7.374716286098721707e-02
7.374716286098721707e-02
7.374716286098721707e-02
6.915864448491532146e-02
6.915864448491532146e-02
6.915864448491532146e-02
6.915864448491532146e-02
6.700452835109578509e-02
6.700452835109578509e-02
6.700452835109578509e-02
6.700452835109578509e-02
6.700452835109578509e-02
6.700452835109578509e-02
6.700452835109578509e-02
6.700452835109578509e-02
6.700452835109578509e-02
6.672558787493261534e-02
6.672558787493261534e-02
6.672558787493261534e-02
6.672558787493261534e-02
6.672558787493261534e-02
6.672558787493261534e-02
6.672558787493261534e-02
6.672558787493261534e-02
6.672558787493261534e-02
6.261763975001878590e-02
6.261763975001878590e-02
6.261763975001878590e-02
6.261763975001878590e-02
6.261763975001878590e-02
6.261763975001878590e-02
6.261763975001878590e-02
6.261763975001878590e-02
6.261763975001878590e-02
6.261763975001878590e-02
6.261763975001878590e-02
6.261763975001878590e-02
6.261763975001878590e-02
6.261763975001878590e-02
6.261763975001878590e-02
6.261763975001878590e-02
6.261763975001878590e-02
6.261763975001878590e-02
6.261763975001878590e-02
6.089714191537330679e-02
6.089714191537330679e-02
6.089714191537330679e-02
6.089714191537330679e-02
6.089714191537330679e-02
6.089714191537330679e-02
6.089714191537330679e-02
6.089714191537330679e-02
6.089714191537330679e-02
6.089714191537330679e-02
6.089714191537330679e-02
6.089714191537330679e-02
6.089714191537330679e-02
6.089714191537330679e-02
6.089714191537330679e-02
6.089714191537330679e-02
6.089714191537330679e-02
6.089714191537330679e-02
6.089714191537330679e-02
5.788117061580930894e-02
5.788117061580930894e-02
5.788117061580930894e-02
5.788117061580930894e-02
5.788117061580930894e-02
5.712652937741018178e-02
5.712652937741018178e-02
5.712652937741018178e-02
5.712652937741018178e-02
5.712652937741018178e-02
5.712652937741018178e-02
5.712652937741018178e-02
5.712652937741018178e-02
5.712652937741018178e-02
5.712652937741018178e-02
5.712652937741018178e-02
5.712652937741018178e-02
5.712652937741018178e-02
5.712652937741018178e-02
5.712652937741018178e-02
5.712652937741018178e-02
5.712652937741018178e-02
5.565290237113601490e-02
5.565290237113601490e-02
5.565290237113601490e-02
5.565290237113601490e-02
5.565290237113601490e-02
5.565290237113601490e-02
5.565290237113601490e-02
5.565290237113601490e-02
5.565290237113601490e-02
5.565290237113601490e-02
5.565290237113601490e-02
5.565290237113601490e-02
5.565290237113601490e-02
5.565290237113601490e-02
5.565290237113601490e-02
5.565290237113601490e-02
5.565290237113601490e-02
5.565290237113601490e-02
5.565290237113601490e-02
5.565290237113601490e-02
5.565290237113601490e-02
5.565290237113601490e-02
5.565290237113601490e-02
5.565290237113601490e-02
5.565290237113601490e-02
5.565290237113601490e-02
5.565290237113601490e-02
5.565290237113601490e-02
5.565290237113601490e-02
5.565290237113601490e-02
5.565290237113601490e-02
5.565290237113601490e-02
5.565290237113601490e-02
5.565290237113601490e-02
5.565290237113601490e-02
5.565290237113601490e-02
5.565290237113601490e-02
5.565290237113601490e-02
5.565290237113601490e-02
5.565290237113601490e-02
5.565290237113601490e-02
5.565290237113601490e-02
5.565290237113601490e-02
5.565290237113601490e-02
5.370930618485156988e-02
5.370930618485156988e-02
5.370930618485156988e-02
5.370930618485156988e-02
5.370930618485156988e-02
5.370930618485156988e-02
5.370930618485156988e-02
5.370930618485156988e-02
5.370930618485156988e-02
5.370930618485156988e-02
5.370930618485156988e-02
5.370930618485156988e-02
5.370930618485156988e-02
5.370930618485156988e-02
5.370930618485156988e-02
5.370930618485156988e-02
5.349489808719008060e-02
5.349489808719008060e-02
5.349489808719008060e-02
5.349489808719008060e-02
5.349489808719008060e-02
5.349489808719008060e-02
5.349489808719008060e-02
5.349489808719008060e-02
5.349489808719008060e-02
5.233135608230387453e-02
5.233135608230387453e-02
5.233135608230387453e-02
5.233135608230387453e-02
5.233135608230387453e-02
5.135781482150761357e-02
5.135781482150761357e-02
5.135781482150761357e-02
5.135781482150761357e-02
5.135781482150761357e-02
5.135781482150761357e-02
5.077804963944603650e-02
5.077804963944603650e-02
5.077804963944603650e-02
5.077804963944603650e-02
5.077804963944603650e-02
5.077804963944603650e-02
5.077804963944603650e-02
5.077804963944603650e-02
5.077804963944603650e-02
5.077804963944603650e-02
4.875488308547970551e-02
4.875488308547970551e-02
4.875488308547970551e-02
4.875488308547970551e-02
4.875488308547970551e-02
4.875488308547970551e-02
4.875488308547970551e-02
4.875488308547970551e-02
4.875488308547970551e-02
4.875488308547970551e-02
4.784334901404575097e-02
4.784334901404575097e-02
4.784334901404575097e-02
4.693280157480709397e-02
4.693280157480709397e-02
4.595855237169652746e-02
4.595855237169652746e-02
4.595855237169652746e-02
4.595855237169652746e-02
4.595855237169652746e-02
4.595855237169652746e-02
4.595855237169652746e-02
4.595855237169652746e-02
4.595855237169652746e-02
4.595855237169652746e-02
4.595855237169652746e-02
4.595855237169652746e-02
4.595855237169652746e-02
4.595855237169652746e-02
4.595855237169652746e-02
4.595855237169652746e-02
4.595855237169652746e-02
4.595855237169652746e-02
4.595855237169652746e-02
4.595855237169652746e-02
4.595855237169652746e-02
4.595855237169652746e-02
4.595855237169652746e-02
4.595855237169652746e-02
4.595855237169652746e-02
4.595855237169652746e-02
4.595855237169652746e-02
4.595855237169652746e-02
4.595855237169652746e-02
4.595855237169652746e-02
4.595855237169652746e-02
4.595855237169652746e-02
4.595855237169652746e-02
4.595855237169652746e-02
4.595855237169652746e-02
4.595855237169652746e-02
4.595855237169652746e-02
4.595855237169652746e-02
4.595855237169652746e-02
4.595855237169652746e-02
4.595855237169652746e-02
4.595855237169652746e-02
4.595855237169652746e-02
4.595855237169652746e-02
4.595855237169652746e-02
4.595855237169652746e-02
4.595855237169652746e-02
4.595855237169652746e-02
4.595855237169652746e-02
4.595855237169652746e-02
4.595855237169652746e-02
4.595855237169652746e-02
4.573678938915209935e-02
4.573678938915209935e-02
4.547724318055935966e-02
4.547724318055935966e-02
4.547724318055935966e-02
4.547724318055935966e-02
4.547724318055935966e-02
4.547724318055935966e-02
4.547724318055935966e-02
4.547724318055935966e-02
4.547724318055935966e-02
4.547724318055935966e-02
4.547724318055935966e-02
4.547724318055935966e-02
4.547724318055935966e-02
4.547724318055935966e-02
4.547724318055935966e-02
4.547724318055935966e-02
4.441801923958203779e-02
4.441801923958203779e-02
4.441801923958203779e-02
4.441801923958203779e-02
4.441801923958203779e-02
4.441801923958203779e-02
4.441801923958203779e-02
4.441801923958203779e-02
4.441801923958203779e-02
4.441801923958203779e-02
4.441801923958203779e-02
4.441801923958203779e-02
4.441801923958203779e-02
4.441801923958203779e-02
4.441801923958203779e-02
4.441801923958203779e-02
4.441801923958203779e-02
4.217514081116244956e-02
4.217514081116244956e-02
4.217514081116244956e-02
4.217514081116244956e-02
4.217514081116244956e-02
4.217514081116244956e-02
4.217514081116244956e-02
4.217514081116244956e-02
4.217514081116244956e-02
4.217514081116244956e-02
4.217514081116244956e-02
4.217514081116244956e-02
4.217514081116244956e-02
4.217514081116244956e-02
4.217514081116244956e-02
4.217514081116244956e-02
4.217514081116244956e-02
4.217514081116244956e-02
4.217514081116244956e-02
4.217514081116244956e-02
4.217514081116244956e-02
4.217514081116244956e-02
4.103946596812451525e-02
4.103946596812451525e-02
3.878793132213443490e-02
3.651449465104628783e-02
3.651449465104628783e-02
3.651449465104628783e-02
3.637725758972790158e-02
3.637725758972790158e-02
3.637725758972790158e-02
3.552784317211413884e-02
3.552784317211413884e-02
3.552784317211413884e-02
3.552784317211413884e-02
3.552784317211413884e-02
3.552784317211413884e-02
3.552784317211413884e-02
3.552784317211413884e-02
3.552128165802951459e-02
3.552128165802951459e-02
3.552128165802951459e-02
3.552128165802951459e-02
3.552128165802951459e-02
3.552128165802951459e-02
3.552128165802951459e-02
3.552128165802951459e-02
3.552128165802951459e-02
3.260150908410280879e-02
3.260150908410280879e-02
3.164529269931411898e-02
3.164529269931411898e-02
3.164529269931411898e-02
3.164529269931411898e-02
3.164529269931411898e-02
3.164529269931411898e-02
3.164529269931411898e-02
3.164529269931411898e-02
3.164529269931411898e-02
3.164529269931411898e-02
3.164529269931411898e-02
3.164529269931411898e-02
3.164529269931411898e-02
3.000908083716320382e-02
3.000908083716320382e-02
3.000908083716320382e-02
3.000908083716320382e-02
3.000908083716320382e-02
2.952215505521013292e-02
2.952215505521013292e-02
2.952215505521013292e-02
2.952215505521013292e-02
2.952215505521013292e-02
2.952215505521013292e-02
2.952215505521013292e-02
2.952215505521013292e-02
2.952215505521013292e-02
2.952215505521013292e-02
2.952215505521013292e-02
2.952215505521013292e-02
2.952215505521013292e-02
2.952215505521013292e-02
2.952215505521013292e-02
2.952215505521013292e-02
2.952215505521013292e-02
2.952215505521013292e-02
2.952215505521013292e-02
2.952215505521013292e-02
2.952215505521013292e-02
2.952215505521013292e-02
2.952215505521013292e-02
2.952215505521013292e-02
2.952215505521013292e-02
2.952215505521013292e-02
2.952215505521013292e-02
2.952215505521013292e-02
2.952215505521013292e-02
2.952215505521013292e-02
2.952215505521013292e-02
2.952215505521013292e-02
2.929521647455676087e-02
2.929521647455676087e-02
2.929521647455676087e-02
2.929521647455676087e-02
2.929521647455676087e-02
2.929521647455676087e-02
2.929521647455676087e-02
2.929521647455676087e-02
2.929521647455676087e-02
2.929521647455676087e-02
2.929521647455676087e-02
2.929521647455676087e-02
2.929521647455676087e-02
2.929521647455676087e-02
2.929521647455676087e-02
2.929521647455676087e-02
2.929521647455676087e-02
2.929521647455676087e-02
2.929521647455676087e-02
2.929521647455676087e-02
2.929521647455676087e-02
2.929521647455676087e-02
2.929521647455676087e-02
2.929521647455676087e-02
2.865784402735685465e-02
2.865784402735685465e-02
2.865784402735685465e-02
2.865784402735685465e-02
2.865784402735685465e-02
2.865784402735685465e-02
2.865784402735685465e-02
2.865784402735685465e-02
2.844373360833220982e-02
2.844373360833220982e-02
2.790950963924610992e-02
2.790950963924610992e-02
2.790950963924610992e-02
2.790950963924610992e-02
2.790950963924610992e-02
2.790950963924610992e-02
2.790950963924610992e-02
2.790950963924610992e-02
2.790950963924610992e-02
2.790950963924610992e-02
2.790950963924610992e-02
2.714368959356881772e-02
2.714368959356881772e-02
2.714368959356881772e-02
2.714368959356881772e-02
2.714368959356881772e-02
2.714368959356881772e-02
2.714368959356881772e-02
2.714368959356881772e-02
2.714368959356881772e-02
2.714368959356881772e-02
2.714368959356881772e-02
2.714368959356881772e-02
2.714368959356881772e-02
2.714368959356881772e-02
2.714368959356881772e-02
2.714368959356881772e-02
2.714368959356881772e-02
2.714368959356881772e-02
2.714368959356881772e-02
2.714368959356881772e-02
2.714368959356881772e-02
2.714368959356881772e-02
2.714368959356881772e-02
2.714368959356881772e-02
2.714368959356881772e-02
2.714368959356881772e-02
2.714368959356881772e-02
2.714368959356881772e-02
2.714368959356881772e-02
2.714368959356881772e-02
2.714368959356881772e-02
2.714368959356881772e-02
2.714368959356881772e-02
2.714368959356881772e-02
2.714368959356881772e-02
2.714368959356881772e-02
2.714368959356881772e-02
2.714368959356881772e-02
2.714368959356881772e-02
2.714368959356881772e-02
2.714368959356881772e-02
2.714368959356881772e-02
2.714368959356881772e-02
2.714368959356881772e-02
2.714368959356881772e-02
2.714368959356881772e-02
2.714368959356881772e-02
2.714368959356881772e-02
2.714368959356881772e-02
2.714368959356881772e-02
2.714368959356881772e-02
2.714368959356881772e-02
2.714368959356881772e-02
2.714368959356881772e-02
2.691765308989100408e-02
2.691765308989100408e-02
2.691765308989100408e-02
2.691765308989100408e-02
2.691765308989100408e-02
2.691765308989100408e-02
2.691765308989100408e-02
2.691765308989100408e-02
2.691765308989100408e-02
2.626331145277430515e-02
2.626331145277430515e-02
2.626331145277430515e-02
2.626331145277430515e-02
2.626331145277430515e-02
2.626331145277430515e-02
2.571040131849646609e-02
2.571040131849646609e-02
2.567905832229460533e-02
2.567905832229460533e-02
2.567905832229460533e-02
2.567905832229460533e-02
2.567905832229460533e-02
2.567905832229460533e-02
2.567905832229460533e-02
2.567905832229460533e-02
2.567905832229460533e-02
2.567905832229460533e-02
2.567905832229460533e-02
2.567905832229460533e-02
2.567905832229460533e-02
2.567905832229460533e-02
2.567905832229460533e-02
2.567905832229460533e-02
2.567905832229460533e-02
2.567905832229460533e-02
2.567905832229460533e-02
2.567905832229460533e-02
2.567905832229460533e-02
2.567905832229460533e-02
2.567905832229460533e-02
2.560869415002147570e-02
2.560869415002147570e-02
2.560869415002147570e-02
2.560869415002147570e-02
2.560869415002147570e-02
2.560869415002147570e-02
2.560869415002147570e-02
2.560869415002147570e-02
2.560869415002147570e-02
2.560869415002147570e-02
2.560869415002147570e-02
2.560869415002147570e-02
2.535904683458837031e-02
2.535904683458837031e-02
2.535904683458837031e-02
2.535904683458837031e-02
2.535904683458837031e-02
2.535904683458837031e-02
2.535904683458837031e-02
2.535904683458837031e-02
2.535904683458837031e-02
2.535904683458837031e-02
2.535904683458837031e-02
2.535904683458837031e-02
2.535904683458837031e-02
2.535904683458837031e-02
2.535904683458837031e-02
2.535904683458837031e-02
2.535904683458837031e-02
2.535904683458837031e-02
2.535904683458837031e-02
2.535904683458837031e-02
2.535904683458837031e-02
2.535904683458837031e-02
2.535904683458837031e-02
2.535904683458837031e-02
2.535904683458837031e-02
2.535904683458837031e-02
2.535904683458837031e-02
2.535904683458837031e-02
2.535904683458837031e-02
2.531498644486985042e-02
2.531498644486985042e-02
2.531498644486985042e-02
2.531498644486985042e-02
2.531498644486985042e-02
2.531498644486985042e-02
2.531498644486985042e-02
2.531498644486985042e-02
2.531498644486985042e-02
2.531498644486985042e-02
2.531498644486985042e-02
2.531498644486985042e-02
2.531498644486985042e-02
2.531498644486985042e-02
2.531498644486985042e-02
2.531498644486985042e-02
2.531498644486985042e-02
2.531498644486985042e-02
2.531498644486985042e-02
2.531498644486985042e-02
2.531498644486985042e-02
2.531498644486985042e-02
2.531498644486985042e-02
2.531498644486985042e-02
2.531498644486985042e-02
2.531498644486985042e-02
2.460283390555849728e-02
2.460283390555849728e-02
2.460283390555849728e-02
2.460283390555849728e-02
2.460283390555849728e-02
2.460283390555849728e-02
2.460283390555849728e-02
2.460283390555849728e-02
2.460283390555849728e-02
2.460283390555849728e-02
2.460283390555849728e-02
2.460283390555849728e-02
2.460283390555849728e-02
2.460283390555849728e-02
2.460283390555849728e-02
2.460283390555849728e-02
2.460283390555849728e-02
2.427813622790274406e-02
2.356783335959361861e-02
2.356783335959361861e-02
2.356783335959361861e-02
2.356783335959361861e-02
2.356783335959361861e-02
2.356783335959361861e-02
2.356783335959361861e-02
2.356783335959361861e-02
2.356783335959361861e-02
2.356783335959361861e-02
2.356783335959361861e-02
2.356783335959361861e-02
2.356783335959361861e-02
2.356783335959361861e-02
2.356783335959361861e-02
2.356783335959361861e-02
2.356783335959361861e-02
2.356783335959361861e-02
2.356783335959361861e-02
2.356783335959361861e-02
2.356783335959361861e-02
2.356783335959361861e-02
2.356783335959361861e-02
2.356783335959361861e-02
2.356783335959361861e-02
2.356783335959361861e-02
2.356783335959361861e-02
2.356783335959361861e-02
2.356783335959361861e-02
2.356783335959361861e-02
2.356783335959361861e-02
2.356783335959361861e-02
2.356783335959361861e-02
2.356783335959361861e-02
2.356783335959361861e-02
2.356783335959361861e-02
2.356783335959361861e-02
2.356783335959361861e-02
2.356783335959361861e-02
2.356783335959361861e-02
2.356783335959361861e-02
2.356783335959361861e-02
2.356783335959361861e-02
2.356783335959361861e-02
2.356783335959361861e-02
2.356783335959361861e-02
2.356783335959361861e-02
2.356783335959361861e-02
2.356783335959361861e-02
2.356783335959361861e-02
2.356783335959361861e-02
2.356783335959361861e-02
2.356783335959361861e-02
2.356783335959361861e-02
2.356783335959361861e-02
2.356783335959361861e-02
2.356783335959361861e-02
2.356783335959361861e-02
2.356783335959361861e-02
2.356783335959361861e-02
2.356783335959361861e-02
2.356783335959361861e-02
2.356783335959361861e-02
2.356783335959361861e-02
2.356783335959361861e-02
2.356783335959361861e-02
2.356783335959361861e-02
2.356783335959361861e-02
2.356783335959361861e-02
2.356783335959361861e-02
2.356783335959361861e-02
2.356783335959361861e-02
2.356783335959361861e-02
2.356783335959361861e-02
2.356783335959361861e-02
2.356783335959361861e-02
2.356783335959361861e-02
2.338571321505290845e-02
2.338571321505290845e-02
2.338571321505290845e-02
2.338571321505290845e-02
2.338571321505290845e-02
2.338571321505290845e-02
2.338571321505290845e-02
2.338571321505290845e-02
2.338571321505290845e-02
2.338571321505290845e-02
2.338571321505290845e-02
2.263377825313655708e-02
2.263377825313655708e-02
