5.892517882660003181e+01
4.175016229823960145e+01
2.830208367030638072e+01
1.913470250423749874e+01
1.421478722417583995e+01
1.098805032516614055e+01
8.512952375212064382e+00
7.146033566036217088e+00
5.558675126378970432e+00
4.578924858080246629e+00
3.647579243608189969e+00
3.352729113855852816e+00
2.961199229694098989e+00
2.583786829546435460e+00
2.559183319980513183e+00
2.425653584427074350e+00
2.362922262558520448e+00
2.253638703320123060e+00
2.127496534893312585e+00
1.982371554653529877e+00
1.832942046429229199e+00
1.768159132851027993e+00
1.768159132851027993e+00
1.693259673072597948e+00
1.645175068286977904e+00
1.645175068286977904e+00
1.607822036467825066e+00
1.588960320067845489e+00
1.562025384047707854e+00
1.562025384047707854e+00
1.549424777490759908e+00
1.531094629181010802e+00
1.488637527248460657e+00
1.457617707690811892e+00
1.441725164872378562e+00
1.441725164872378562e+00
1.420512691678788464e+00
1.419806806611766836e+00
1.387931604855967782e+00
1.361640643057382194e+00
1.361640643057382194e+00
1.286440517577340792e+00
1.251957580063257636e+00
1.242457395951468202e+00
1.242457395951468202e+00
1.222601720172484141e+00
1.192042843522914675e+00
1.178163269626884890e+00
1.140551821983361913e+00
1.132167974569481483e+00
1.123133195923385674e+00
1.102647793185216107e+00
1.080554112069828321e+00
1.080554112069828321e+00
1.051248344833221049e+00
1.026402624673790731e+00
1.018489601168964143e+00
1.003026841831904381e+00
1.002891657726307839e+00
9.871216461829024347e-01
9.871216461829024347e-01
9.871216461829024347e-01
9.871216461829024347e-01
9.871216461829024347e-01
9.871216461829024347e-01
9.871216461829024347e-01
9.382076753265308211e-01
9.382076753265308211e-01
9.101779061900867607e-01
9.101779061900867607e-01
8.923978859206058711e-01
8.923978859206058711e-01
8.923978859206058711e-01
8.829861412629979034e-01
8.829861412629979034e-01
8.818079094998173550e-01
8.692910478781585848e-01
8.671704440605213504e-01
8.600249261314550919e-01
8.326347756440768411e-01
8.075612683433621708e-01
7.970256244609427165e-01
7.938780088520939193e-01
7.921091209051082105e-01
7.850168526811660552e-01
7.850168526811660552e-01
7.850168526811660552e-01
7.667375788483187238e-01
7.667375788483187238e-01
7.667375788483187238e-01
7.667375788483187238e-01
7.667375788483187238e-01
7.633796696819504790e-01
7.347555350831462828e-01
6.933333311783238528e-01
6.892178927099164021e-01
6.892178927099164021e-01
6.851150592522006200e-01
6.851150592522006200e-01
6.683127616109791891e-01
6.683127616109791891e-01
6.683127616109791891e-01
6.600819251496110596e-01
6.421761769644942497e-01
6.344596964645963233e-01
6.344596964645963233e-01
6.274216855509893165e-01
6.274216855509893165e-01
6.181574200647120820e-01
6.084474368044182624e-01
6.084474368044182624e-01
5.815707133107029803e-01
5.815707133107029803e-01
5.815707133107029803e-01
5.786429054051029919e-01
5.786429054051029919e-01
5.753862703421422919e-01
5.682407096452368744e-01
5.682407096452368744e-01
5.682407096452368744e-01
5.682407096452368744e-01
5.563821631407911417e-01
5.500780265751348264e-01
5.500780265751348264e-01
5.500780265751348264e-01
5.308833467927243088e-01
5.308833467927243088e-01
5.308833467927243088e-01
5.183917098502618392e-01
5.130827368545115563e-01
5.130827368545115563e-01
5.130827368545115563e-01
5.130827368545115563e-01
5.130827368545115563e-01
5.130827368545115563e-01
5.052968951483350901e-01
5.052968951483350901e-01
5.052968951483350901e-01
5.052968951483350901e-01
5.052968951483350901e-01
5.052968951483350901e-01
5.039836184902554139e-01
5.039836184902554139e-01
5.039432729700322744e-01
5.039432729700322744e-01
5.039432729700322744e-01
4.968207010292009507e-01
4.968207010292009507e-01
4.877266186791947011e-01
4.877266186791947011e-01
4.877266186791947011e-01
4.765154503761795945e-01
4.765154503761795945e-01
4.765154503761795945e-01
4.765154503761795945e-01
4.523538467571584509e-01
4.417049983741921371e-01
4.417049983741921371e-01
4.417049983741921371e-01
4.393535536699036403e-01
4.371956844073833226e-01
4.371956844073833226e-01
4.371956844073833226e-01
4.200842612808918242e-01
4.200842612808918242e-01
4.200842612808918242e-01
4.200842612808918242e-01
4.200842612808918242e-01
4.063007011851428874e-01
4.063007011851428874e-01
4.063007011851428874e-01
4.063007011851428874e-01
3.975666471830394122e-01
3.951178650598308195e-01
3.951178650598308195e-01
3.951178650598308195e-01
3.951178650598308195e-01
3.951178650598308195e-01
3.951178650598308195e-01
3.948039621312182668e-01
3.948039621312182668e-01
3.834790787358761111e-01
3.771882042315100048e-01
3.771882042315100048e-01
3.771882042315100048e-01
3.771882042315100048e-01
3.771882042315100048e-01
3.771882042315100048e-01
3.771882042315100048e-01
3.611358614035758419e-01
3.611358614035758419e-01
3.611358614035758419e-01
3.591608948221380881e-01
3.591608948221380881e-01
3.557201203577788906e-01
3.532634137756410775e-01
3.532634137756410775e-01
3.532634137756410775e-01
3.532634137756410775e-01
3.490719370046302394e-01
3.490719370046302394e-01
3.490719370046302394e-01
3.490719370046302394e-01
3.490719370046302394e-01
3.490719370046302394e-01
3.490719370046302394e-01
3.490719370046302394e-01
3.490719370046302394e-01
3.490719370046302394e-01
3.490719370046302394e-01
3.481703739438388734e-01
3.481703739438388734e-01
3.481703739438388734e-01
3.481703739438388734e-01
3.455620072705702372e-01
3.455620072705702372e-01
3.455620072705702372e-01
3.446863031434904134e-01
3.446863031434904134e-01
3.446863031434904134e-01
3.446863031434904134e-01
3.446863031434904134e-01
3.446863031434904134e-01
3.446863031434904134e-01
3.446863031434904134e-01
3.446863031434904134e-01
3.446863031434904134e-01
3.446863031434904134e-01
3.446863031434904134e-01
3.311260014953364417e-01
3.311260014953364417e-01
3.311260014953364417e-01
3.302029220161312173e-01
3.302029220161312173e-01
3.302029220161312173e-01
3.302029220161312173e-01
3.302029220161312173e-01
3.302029220161312173e-01
3.302029220161312173e-01
3.302029220161312173e-01
3.302029220161312173e-01
3.302029220161312173e-01
3.302029220161312173e-01
3.302029220161312173e-01
3.302029220161312173e-01
3.302029220161312173e-01
3.302029220161312173e-01
3.302029220161312173e-01
3.265479713817430185e-01
3.228468715027274505e-01
3.228468715027274505e-01
3.228468715027274505e-01
3.228468715027274505e-01
3.065499146458672275e-01
3.065499146458672275e-01
3.005911931813218252e-01
2.997716009203205689e-01
2.817798219040230645e-01
2.817798219040230645e-01
2.817798219040230645e-01
2.817798219040230645e-01
2.817798219040230645e-01
2.817798219040230645e-01
2.817798219040230645e-01
2.817798219040230645e-01
2.817798219040230645e-01
2.817798219040230645e-01
2.817798219040230645e-01
2.817798219040230645e-01
2.817798219040230645e-01
2.817798219040230645e-01
2.808535863409414302e-01
2.808535863409414302e-01
2.808535863409414302e-01
2.771730841998807371e-01
2.771730841998807371e-01
2.771730841998807371e-01
2.771730841998807371e-01
2.771730841998807371e-01
2.771730841998807371e-01
2.771730841998807371e-01
2.771730841998807371e-01
2.771730841998807371e-01
2.771730841998807371e-01
2.771730841998807371e-01
2.771730841998807371e-01
2.771730841998807371e-01
2.771730841998807371e-01
2.771730841998807371e-01
2.771730841998807371e-01
2.771730841998807371e-01
2.771730841998807371e-01
2.771730841998807371e-01
2.771730841998807371e-01
2.771730841998807371e-01
2.771730841998807371e-01
2.771730841998807371e-01
2.753497735459995432e-01
2.753497735459995432e-01
2.753497735459995432e-01
2.691854242646404272e-01
2.691854242646404272e-01
2.677928561290048304e-01
2.624228505928550836e-01
2.624228505928550836e-01
2.624228505928550836e-01
2.624228505928550836e-01
2.617611039973395393e-01
2.617611039973395393e-01
2.617611039973395393e-01
2.579966233702101763e-01
2.579966233702101763e-01
2.579966233702101763e-01
2.579966233702101763e-01
2.483944174356895740e-01
2.483944174356895740e-01
2.483944174356895740e-01
2.483944174356895740e-01
2.483944174356895740e-01
2.483944174356895740e-01
2.483944174356895740e-01
2.483944174356895740e-01
2.483944174356895740e-01
2.483944174356895740e-01
2.483944174356895740e-01
2.483944174356895740e-01
2.483944174356895740e-01
2.453332238038995472e-01
2.453332238038995472e-01
2.453332238038995472e-01
2.453332238038995472e-01
2.453332238038995472e-01
2.453332238038995472e-01
2.410288214510911409e-01
2.410288214510911409e-01
2.410288214510911409e-01
2.410288214510911409e-01
2.410288214510911409e-01
2.410288214510911409e-01
2.410288214510911409e-01
2.410288214510911409e-01
2.410288214510911409e-01
2.410288214510911409e-01
2.410288214510911409e-01
2.410288214510911409e-01
2.398560326576267832e-01
2.398560326576267832e-01
2.398560326576267832e-01
2.398560326576267832e-01
2.398560326576267832e-01
2.398560326576267832e-01
2.398560326576267832e-01
2.398560326576267832e-01
2.398560326576267832e-01
2.398560326576267832e-01
2.398560326576267832e-01
2.394635761353902659e-01
2.394635761353902659e-01
2.394635761353902659e-01
2.394635761353902659e-01
2.394635761353902659e-01
2.394635761353902659e-01
2.392400166554178864e-01
2.392400166554178864e-01
2.392400166554178864e-01
2.392400166554178864e-01
2.392400166554178864e-01
2.392400166554178864e-01
2.392400166554178864e-01
2.392400166554178864e-01
2.392400166554178864e-01
2.392400166554178864e-01
2.329595950953676775e-01
2.329595950953676775e-01
2.329595950953676775e-01
2.329595950953676775e-01
2.329595950953676775e-01
2.311117565879287350e-01
2.311117565879287350e-01
2.311117565879287350e-01
2.311117565879287350e-01
2.311117565879287350e-01
2.311117565879287350e-01
2.311117565879287350e-01
2.311117565879287350e-01
2.311117565879287350e-01
2.311117565879287350e-01
2.311117565879287350e-01
2.311117565879287350e-01
2.311117565879287350e-01
2.311117565879287350e-01
2.311117565879287350e-01
2.311117565879287350e-01
2.311117565879287350e-01
2.311117565879287350e-01
2.311117565879287350e-01
2.270177363867214859e-01
2.270177363867214859e-01
2.270177363867214859e-01
2.270177363867214859e-01
2.199050485826397339e-01
2.167217049551114216e-01
2.167217049551114216e-01
2.167217049551114216e-01
2.167217049551114216e-01
2.167217049551114216e-01
2.167217049551114216e-01
2.166001818212122398e-01
2.166001818212122398e-01
2.166001818212122398e-01
2.062888553432279670e-01
2.053269892830806298e-01
2.053269892830806298e-01
2.053269892830806298e-01
2.053269892830806298e-01
2.053269892830806298e-01
2.053269892830806298e-01
2.053269892830806298e-01
2.053269892830806298e-01
2.053269892830806298e-01
2.053269892830806298e-01
2.053269892830806298e-01
2.053269892830806298e-01
2.053269892830806298e-01
2.053269892830806298e-01
2.053269892830806298e-01
2.045840268356811376e-01
2.045840268356811376e-01
2.045840268356811376e-01
2.045840268356811376e-01
2.045840268356811376e-01
2.045840268356811376e-01
2.032453903783461857e-01
2.032453903783461857e-01
2.032453903783461857e-01
2.032453903783461857e-01
1.912131148890685028e-01
1.912131148890685028e-01
1.912131148890685028e-01
1.912131148890685028e-01
1.912131148890685028e-01
1.893677277452973373e-01
1.893677277452973373e-01
1.893677277452973373e-01
1.893677277452973373e-01
1.802603092601971768e-01
1.802603092601971768e-01
1.802603092601971768e-01
1.802603092601971768e-01
1.802603092601971768e-01
1.802603092601971768e-01
1.802603092601971768e-01
1.802603092601971768e-01
1.763370390400763599e-01
1.763370390400763599e-01
1.763370390400763599e-01
1.763370390400763599e-01
1.763370390400763599e-01
1.763370390400763599e-01
1.763370390400763599e-01
1.763370390400763599e-01
1.763370390400763599e-01
1.763370390400763599e-01
1.763370390400763599e-01
1.763370390400763599e-01
1.763370390400763599e-01
1.763370390400763599e-01
1.763370390400763599e-01
1.763370390400763599e-01
1.763370390400763599e-01
1.763370390400763599e-01
1.763370390400763599e-01
1.763370390400763599e-01
1.761471874101048496e-01
1.761471874101048496e-01
1.742777887459374675e-01
1.742777887459374675e-01
1.742777887459374675e-01
1.742777887459374675e-01
1.742777887459374675e-01
1.742777887459374675e-01
1.742777887459374675e-01
1.742777887459374675e-01
1.742777887459374675e-01
1.742777887459374675e-01
1.742777887459374675e-01
1.742777887459374675e-01
1.720129080166855617e-01
1.720129080166855617e-01
1.707154444977598273e-01
1.707154444977598273e-01
1.707154444977598273e-01
1.707154444977598273e-01
1.707154444977598273e-01
1.707154444977598273e-01
1.707154444977598273e-01
1.707154444977598273e-01
1.707154444977598273e-01
1.707154444977598273e-01
1.707154444977598273e-01
1.707154444977598273e-01
1.672091637571553602e-01
1.672091637571553602e-01
1.672091637571553602e-01
1.672091637571553602e-01
1.672091637571553602e-01
1.672091637571553602e-01
1.672091637571553602e-01
1.672091637571553602e-01
1.642120497701820003e-01
1.534563895853914561e-01
1.534563895853914561e-01
1.534563895853914561e-01
1.505437949057830682e-01
1.505437949057830682e-01
1.505437949057830682e-01
1.505437949057830682e-01
1.505437949057830682e-01
1.505437949057830682e-01
1.505437949057830682e-01
1.505437949057830682e-01
1.505437949057830682e-01
1.490559564724239228e-01
1.490559564724239228e-01
1.490559564724239228e-01
1.452651652098779778e-01
1.452651652098779778e-01
1.452651652098779778e-01
1.452651652098779778e-01
1.440756496784753871e-01
1.411476690268868295e-01
1.411476690268868295e-01
1.411476690268868295e-01
1.411476690268868295e-01
1.411476690268868295e-01
1.411476690268868295e-01
1.411476690268868295e-01
1.411476690268868295e-01
1.411476690268868295e-01
1.390995082698152918e-01
1.390995082698152918e-01
1.337854556736880474e-01
1.337854556736880474e-01
1.337854556736880474e-01
1.337854556736880474e-01
1.337854556736880474e-01
1.337854556736880474e-01
1.337854556736880474e-01
1.337854556736880474e-01
1.337854556736880474e-01
1.337854556736880474e-01
1.337854556736880474e-01
1.337854556736880474e-01
1.271180171187570040e-01
1.271180171187570040e-01
1.271180171187570040e-01
1.271180171187570040e-01
1.271180171187570040e-01
1.271180171187570040e-01
1.271180171187570040e-01
1.271180171187570040e-01
1.271180171187570040e-01
1.271180171187570040e-01
1.271180171187570040e-01
1.271180171187570040e-01
1.271180171187570040e-01
1.271180171187570040e-01
1.271180171187570040e-01
1.271180171187570040e-01
1.271180171187570040e-01
1.271180171187570040e-01
1.271180171187570040e-01
1.271180171187570040e-01
1.237601683516376672e-01
1.237601683516376672e-01
1.237601683516376672e-01
1.237601683516376672e-01
1.237601683516376672e-01
1.237601683516376672e-01
1.218249477630737876e-01
1.218249477630737876e-01
1.218249477630737876e-01
1.218249477630737876e-01
1.218249477630737876e-01
1.218249477630737876e-01
1.218249477630737876e-01
1.218249477630737876e-01
1.218249477630737876e-01
1.218249477630737876e-01
1.218249477630737876e-01
1.218249477630737876e-01
1.218249477630737876e-01
1.218249477630737876e-01
1.218249477630737876e-01
1.218249477630737876e-01
1.218249477630737876e-01
1.218249477630737876e-01
1.218249477630737876e-01
1.218249477630737876e-01
1.218249477630737876e-01
1.218249477630737876e-01
1.218249477630737876e-01
1.218249477630737876e-01
1.218249477630737876e-01
1.218249477630737876e-01
1.218249477630737876e-01
1.218249477630737876e-01
1.218249477630737876e-01
1.218249477630737876e-01
1.218249477630737876e-01
1.218249477630737876e-01
1.218249477630737876e-01
1.218249477630737876e-01
1.218249477630737876e-01
1.218249477630737876e-01
1.218249477630737876e-01
1.218249477630737876e-01
1.218249477630737876e-01
1.218249477630737876e-01
1.218249477630737876e-01
1.218249477630737876e-01
1.218249477630737876e-01
1.218249477630737876e-01
1.218249477630737876e-01
1.218249477630737876e-01
1.218249477630737876e-01
1.218249477630737876e-01
1.218249477630737876e-01
1.218249477630737876e-01
1.218249477630737876e-01
1.218249477630737876e-01
1.218249477630737876e-01
1.218249477630737876e-01
1.218249477630737876e-01
1.218249477630737876e-01
1.218249477630737876e-01
1.192650587294177555e-01
1.192650587294177555e-01
1.192650587294177555e-01
1.192650587294177555e-01
1.192650587294177555e-01
1.192650587294177555e-01
1.192650587294177555e-01
1.192650587294177555e-01
1.192650587294177555e-01
1.192650587294177555e-01
1.192650587294177555e-01
1.192650587294177555e-01
1.192650587294177555e-01
1.192650587294177555e-01
1.192650587294177555e-01
1.192650587294177555e-01
1.192650587294177555e-01
1.192650587294177555e-01
1.192650587294177555e-01
1.192650587294177555e-01
1.192650587294177555e-01
1.192650587294177555e-01
1.192650587294177555e-01
1.192650587294177555e-01
1.192650587294177555e-01
1.192650587294177555e-01
1.192650587294177555e-01
1.192650587294177555e-01
1.143467263074193913e-01
1.143467263074193913e-01
1.143467263074193913e-01
1.143467263074193913e-01
1.143467263074193913e-01
1.143467263074193913e-01
1.143467263074193913e-01
1.143467263074193913e-01
1.143467263074193913e-01
1.143467263074193913e-01
1.143467263074193913e-01
1.143467263074193913e-01
1.143467263074193913e-01
1.143467263074193913e-01
1.143467263074193913e-01
1.143467263074193913e-01
1.143467263074193913e-01
1.143467263074193913e-01
1.143467263074193913e-01
1.143467263074193913e-01
1.143467263074193913e-01
1.143467263074193913e-01
1.143467263074193913e-01
1.143467263074193913e-01
1.143467263074193913e-01
1.143467263074193913e-01
1.143467263074193913e-01
1.143467263074193913e-01
1.143467263074193913e-01
1.131810896940917271e-01
1.131810896940917271e-01
1.122989696177370961e-01
1.122989696177370961e-01
1.122989696177370961e-01
1.122989696177370961e-01
1.122989696177370961e-01
1.122989696177370961e-01
1.122989696177370961e-01
1.122989696177370961e-01
1.088125612581810203e-01
1.088125612581810203e-01
1.088125612581810203e-01
1.088125612581810203e-01
1.088125612581810203e-01
1.050523091714627710e-01
1.050523091714627710e-01
1.050469822648408963e-01
1.050469822648408963e-01
1.050469822648408963e-01
1.050469822648408963e-01
1.050469822648408963e-01
1.050469822648408963e-01
1.050469822648408963e-01
1.050469822648408963e-01
1.050469822648408963e-01
1.050469822648408963e-01
1.050469822648408963e-01
1.037926626479631076e-01
1.037926626479631076e-01
1.037926626479631076e-01
1.037926626479631076e-01
1.037926626479631076e-01
1.037926626479631076e-01
1.037926626479631076e-01
1.037926626479631076e-01
9.792322951318845059e-02
9.792322951318845059e-02
9.792322951318845059e-02
9.792322951318845059e-02
9.792322951318845059e-02
9.792322951318845059e-02
9.792322951318845059e-02
9.792322951318845059e-02
9.792322951318845059e-02
9.792322951318845059e-02
9.792322951318845059e-02
9.792322951318845059e-02
9.792322951318845059e-02
9.792322951318845059e-02
9.777171684363208937e-02
9.777171684363208937e-02
9.561674291043407992e-02
9.561674291043407992e-02
9.561674291043407992e-02
9.561674291043407992e-02
9.561674291043407992e-02
9.561674291043407992e-02
9.561674291043407992e-02
9.561674291043407992e-02
9.561674291043407992e-02
9.561674291043407992e-02
9.561674291043407992e-02
9.561674291043407992e-02
9.561674291043407992e-02
9.561674291043407992e-02
9.561674291043407992e-02
9.561674291043407992e-02
9.561674291043407992e-02
9.561674291043407992e-02
9.561674291043407992e-02
9.512813142240630904e-02
9.512813142240630904e-02
9.512813142240630904e-02
9.512813142240630904e-02
9.512813142240630904e-02
9.512813142240630904e-02
9.512813142240630904e-02
9.512813142240630904e-02
9.512813142240630904e-02
9.512813142240630904e-02
9.512813142240630904e-02
9.512813142240630904e-02
9.512813142240630904e-02
9.512813142240630904e-02
9.512813142240630904e-02
9.512813142240630904e-02
9.512813142240630904e-02
9.512813142240630904e-02
9.176233745785669638e-02
9.176233745785669638e-02
9.176233745785669638e-02
9.176233745785669638e-02
9.176233745785669638e-02
9.176233745785669638e-02
9.103026218219704979e-02
9.103026218219704979e-02
9.103026218219704979e-02
9.103026218219704979e-02
9.103026218219704979e-02
9.103026218219704979e-02
9.103026218219704979e-02
9.103026218219704979e-02
9.103026218219704979e-02
9.103026218219704979e-02
9.103026218219704979e-02
9.103026218219704979e-02
9.103026218219704979e-02
9.103026218219704979e-02
9.103026218219704979e-02
9.103026218219704979e-02
9.103026218219704979e-02
9.103026218219704979e-02
9.103026218219704979e-02
9.103026218219704979e-02
8.967087838140082312e-02
8.967087838140082312e-02
8.967087838140082312e-02
8.967087838140082312e-02
8.967087838140082312e-02
8.967087838140082312e-02
8.967087838140082312e-02
8.967087838140082312e-02
8.654608365962784822e-02
8.654608365962784822e-02
8.654608365962784822e-02
8.654608365962784822e-02
8.654608365962784822e-02
8.654608365962784822e-02
8.654608365962784822e-02
8.654608365962784822e-02
8.654608365962784822e-02
8.654608365962784822e-02
8.654608365962784822e-02
8.654608365962784822e-02
8.654608365962784822e-02
8.654608365962784822e-02
8.654608365962784822e-02
8.654608365962784822e-02
8.654608365962784822e-02
8.654608365962784822e-02
8.654608365962784822e-02
8.654608365962784822e-02
8.654608365962784822e-02
8.551300250547576309e-02
8.551300250547576309e-02
8.551300250547576309e-02
8.551300250547576309e-02
8.551300250547576309e-02
8.551300250547576309e-02
8.551300250547576309e-02
8.551300250547576309e-02
8.551300250547576309e-02
8.551300250547576309e-02
8.551300250547576309e-02
8.551300250547576309e-02
8.551300250547576309e-02
8.551300250547576309e-02
8.551300250547576309e-02
8.551300250547576309e-02
8.551300250547576309e-02
8.551300250547576309e-02
8.551300250547576309e-02
8.551300250547576309e-02
8.551300250547576309e-02
8.551300250547576309e-02
8.551300250547576309e-02
8.551300250547576309e-02
8.450328442327480205e-02
8.450328442327480205e-02
8.450328442327480205e-02
8.450328442327480205e-02
8.450328442327480205e-02
8.450328442327480205e-02
8.450328442327480205e-02
8.450328442327480205e-02
8.450328442327480205e-02
8.450328442327480205e-02
8.450328442327480205e-02
8.450328442327480205e-02
8.450328442327480205e-02
8.450328442327480205e-02
8.450328442327480205e-02
8.450328442327480205e-02
8.450328442327480205e-02
8.450328442327480205e-02
8.450328442327480205e-02
8.450328442327480205e-02
8.450328442327480205e-02
8.450328442327480205e-02
8.450328442327480205e-02
8.450328442327480205e-02
7.256366930146793126e-02
7.256366930146793126e-02
7.256366930146793126e-02
7.256366930146793126e-02
7.256366930146793126e-02
7.256366930146793126e-02
7.256366930146793126e-02
7.256366930146793126e-02
7.256366930146793126e-02
7.256366930146793126e-02
7.256366930146793126e-02
7.256366930146793126e-02
7.256366930146793126e-02
7.256366930146793126e-02
7.256366930146793126e-02
7.256366930146793126e-02
7.256366930146793126e-02
7.256366930146793126e-02
7.256366930146793126e-02
7.256366930146793126e-02
7.256366930146793126e-02
7.256366930146793126e-02
7.256366930146793126e-02
7.256366930146793126e-02
7.256366930146793126e-02
7.256366930146793126e-02
7.256366930146793126e-02
7.256366930146793126e-02
7.256366930146793126e-02
7.256366930146793126e-02
7.256366930146793126e-02
7.256366930146793126e-02
7.256366930146793126e-02
7.256366930146793126e-02
7.256366930146793126e-02
7.256366930146793126e-02
7.256366930146793126e-02
7.256366930146793126e-02
7.256366930146793126e-02
7.256366930146793126e-02
7.256366930146793126e-02
7.256366930146793126e-02
7.256366930146793126e-02
7.256366930146793126e-02
7.256366930146793126e-02
7.256366930146793126e-02
7.256366930146793126e-02
7.138111472489620801e-02
7.095357934377832798e-02
7.095357934377832798e-02
7.093765475263590081e-02
7.093765475263590081e-02
7.093765475263590081e-02
7.050854742764538219e-02
7.050854742764538219e-02
7.050854742764538219e-02
7.050854742764538219e-02
7.050854742764538219e-02
7.050854742764538219e-02
7.050854742764538219e-02
7.050854742764538219e-02
6.908715089311574797e-02
6.908715089311574797e-02
6.908715089311574797e-02
6.908715089311574797e-02
6.908715089311574797e-02
6.908715089311574797e-02
6.908715089311574797e-02
6.908715089311574797e-02
6.908715089311574797e-02
6.908715089311574797e-02
6.908715089311574797e-02
6.908715089311574797e-02
6.908715089311574797e-02
6.908715089311574797e-02
6.908715089311574797e-02
6.908715089311574797e-02
6.908715089311574797e-02
6.908715089311574797e-02
6.908715089311574797e-02
6.908715089311574797e-02
6.908715089311574797e-02
6.908715089311574797e-02
6.908715089311574797e-02
6.908715089311574797e-02
6.908715089311574797e-02
6.908715089311574797e-02
6.908715089311574797e-02
6.908715089311574797e-02
6.908715089311574797e-02
6.908715089311574797e-02
6.908715089311574797e-02
6.908715089311574797e-02
6.908715089311574797e-02
6.908715089311574797e-02
6.908715089311574797e-02
6.908715089311574797e-02
6.843545951201635003e-02
6.843545951201635003e-02
6.843545951201635003e-02
6.843545951201635003e-02
6.843545951201635003e-02
6.843545951201635003e-02
6.843545951201635003e-02
6.843545951201635003e-02
6.843545951201635003e-02
6.843545951201635003e-02
6.843545951201635003e-02
6.843545951201635003e-02
6.843545951201635003e-02
6.843545951201635003e-02
6.843545951201635003e-02
6.843545951201635003e-02
6.843545951201635003e-02
6.843545951201635003e-02
