3.360992601431979754e+00
3.067359102074896704e+00
2.787921354108749306e+00
2.551830193804981661e+00
2.311278402818148336e+00
2.108568205691332853e+00
1.932131203547988285e+00
1.810652982249293608e+00
1.733421726586392930e+00
1.634774036009768450e+00
1.545586479131737301e+00
1.443265981144655319e+00
1.372083680825154195e+00
1.301981191519691050e+00
1.249041613128165196e+00
1.193449443619897465e+00
1.150345845563468306e+00
1.082328681022037165e+00
1.043808263737814102e+00
9.941826113469941495e-01
9.441221712551302048e-01
9.058350758527387026e-01
8.643470799331925969e-01
8.261271256427719090e-01
7.995327962579271697e-01
7.708654069174907253e-01
7.461507480423069660e-01
7.229385466378128733e-01
6.984831031493397013e-01
6.762668328903922443e-01
6.561807492079508863e-01
6.353264469458718144e-01
6.202205878925488580e-01
6.025132928977886548e-01
5.826952734581576365e-01
5.719539619825938503e-01
5.616471446833403158e-01
5.455351115401353423e-01
5.331632847499653272e-01
5.206531092235799907e-01
5.119113851549128569e-01
5.037525538682218196e-01
4.920559161166492834e-01
4.877334753210789131e-01
4.786194543387075617e-01
4.735722995506969624e-01
4.667787307596137358e-01
4.599625324356245160e-01
4.543221124708260450e-01
4.481440015408590383e-01
4.433645033772175559e-01
4.379101512656622397e-01
4.339421720190432818e-01
4.272259243255656092e-01
4.236699393438878580e-01
4.194554079189263818e-01
4.154016185944052197e-01
4.105443232087852556e-01
4.052162636627305581e-01
4.012174276398109418e-01
3.966760760138943742e-01
3.920170686790934167e-01
3.881928422855324690e-01
3.846048343872905395e-01
3.790558545784938893e-01
3.768459427526478223e-01
3.729370715364430100e-01
3.704583647213729458e-01
3.663519845382998130e-01
3.642669890023728652e-01
3.609612307325278380e-01
3.556393095671200877e-01
3.503608816986945040e-01
3.480596700019015222e-01
3.449334604437906404e-01
3.414865640425155946e-01
3.377008645474675608e-01
3.346893140202226724e-01
3.316720497713165350e-01
3.284472798080296241e-01
3.246352953731564961e-01
3.209581619490567972e-01
3.168867689721447944e-01
3.141478842650971548e-01
3.102314331559085092e-01
3.077683591896727688e-01
3.038832968736530638e-01
3.020697539913022034e-01
2.990334657079252723e-01
2.958923592375167777e-01
2.939598161863003489e-01
2.924646945385289687e-01
2.885408717562719105e-01
2.877888257822370233e-01
2.843945636667312704e-01
2.823349925262141902e-01
2.809000393590573297e-01
2.794220871771010417e-01
2.779150581533191833e-01
2.754101507177201813e-01
2.733985167041991793e-01
2.706185844166139054e-01
2.691753595157037604e-01
2.665891296979885361e-01
2.644367753565040058e-01
2.616923596480627001e-01
2.605190691219230192e-01
2.591520764226270535e-01
2.577856195985011034e-01
2.564551032182349477e-01
2.545930230444310993e-01
2.516022915162207663e-01
2.499888318267601550e-01
2.481189384892693028e-01
2.463968095728789331e-01
2.444470627302957888e-01
2.423378351387978635e-01
2.410241826212157767e-01
2.395719508982397938e-01
2.374827588748111562e-01
2.362965623857930797e-01
2.348512901316963386e-01
2.335326242555444964e-01
2.322502767753674424e-01
2.314557351030365473e-01
2.304073616155887239e-01
2.294828354583396401e-01
2.287967176552425097e-01
2.272135561066627729e-01
2.269553789749307604e-01
2.260861299627005827e-01
2.242064272253824764e-01
2.233652835762728328e-01
2.224633534418738734e-01
2.222789583664088464e-01
2.217256048174686411e-01
2.202034448991356530e-01
2.195426140431699646e-01
2.192302627141592686e-01
2.186904189158253020e-01
2.179608981941582313e-01
2.177473102777622016e-01
2.172512540772864875e-01
2.160118145312552307e-01
2.156560797818500297e-01
2.154653265561382314e-01
2.152049378359437160e-01
2.149406459134944047e-01
2.142897052282674575e-01
2.142676692888596524e-01
2.140879426210742786e-01
2.136728932237264844e-01
2.135084905914535480e-01
2.129155454058870023e-01
2.125603781454356855e-01
2.124958358538441283e-01
2.121104269228663297e-01
2.114665453256601158e-01
2.111754622995352104e-01
2.106058616839052156e-01
2.104282998286969575e-01
2.099727172898847027e-01
2.093894633293793273e-01
2.090424408983019844e-01
2.087590831648461764e-01
2.078248434938658185e-01
2.071259251661639045e-01
2.060927865135940285e-01
2.060264871354521021e-01
2.047746438697463367e-01
2.044510143848873307e-01
2.043556490082856503e-01
2.038635439098983315e-01
2.032888947468893814e-01
2.030899831011328815e-01
2.030283185113438416e-01
2.024521491324638156e-01
2.018837977153368213e-01
2.013917211635249671e-01
2.011285965514576501e-01
2.008759808473216391e-01
2.007229834719657102e-01
2.003206656364414640e-01
2.001507875025423655e-01
2.000030684197171005e-01
1.999866856152342220e-01
1.998877263710674701e-01
1.995229306136965808e-01
1.994723293701032574e-01
1.991663009884151181e-01
1.987871052608335409e-01
1.986034441367167946e-01
1.982111038791625757e-01
1.981776594300143635e-01
1.980880974129479721e-01
1.977681385623813459e-01
1.975412717945123353e-01
1.973771895998576442e-01
1.968728397197221092e-01
1.967022959950122107e-01
1.962096260798467107e-01
1.959647060641043215e-01
1.956251259736242198e-01
1.953162381432731187e-01
1.948508861427149519e-01
1.944797725070345207e-01
1.943523758287822312e-01
1.943522533006907804e-01
1.943522533006907804e-01
1.940741875792435511e-01
1.938322466347654760e-01
1.932871051783957572e-01
1.929267865560592154e-01
1.927881206978911133e-01
1.926362720900299808e-01
1.925805752895101697e-01
1.923968505862478917e-01
1.922432791211131087e-01
1.920324704456351783e-01
1.919430384958764613e-01
1.915683396992861609e-01
1.915317654869501396e-01
1.912150267195284747e-01
1.911622795301145261e-01
1.910378761197637498e-01
1.910147894328456941e-01
1.909519713560467180e-01
1.908915400744436996e-01
1.908049217643757178e-01
1.907990122465903216e-01
1.907990122465903216e-01
1.907259858012879394e-01
1.907259858012879394e-01
1.907165249603385848e-01
1.907165249603385848e-01
1.906185834742963603e-01
1.905189404306731615e-01
1.905072120013475145e-01
1.904028457748903336e-01
1.902754478929641613e-01
1.901397858465454227e-01
1.901195365727695596e-01
1.899427920121797009e-01
1.899135739845695392e-01
1.899014616743313899e-01
1.898782738884147447e-01
1.898782738884147447e-01
1.897275204031886597e-01
1.897275204031886597e-01
1.896361194527727556e-01
1.896361194527727556e-01
1.895701638734854089e-01
1.895590354855808124e-01
1.892755100236805654e-01
1.891867799291575003e-01
1.891010836366773529e-01
1.891010836366773529e-01
1.888453876660168562e-01
1.888107846520093724e-01
1.888065901429551163e-01
1.887709058169740051e-01
1.887709058169740051e-01
1.886961423400902449e-01
1.886762629823035275e-01
1.886762629823035275e-01
1.886762629823035275e-01
1.886762629823035275e-01
1.886759304255925807e-01
1.886759304255925807e-01
1.886463290419107819e-01
1.884692182033752272e-01
1.884692182033752272e-01
1.884692182033752272e-01
1.884692182033752272e-01
1.884679957093174929e-01
1.884670673364214344e-01
1.884670673364214344e-01
1.884400534320967158e-01
1.884400534320967158e-01
1.884400534320967158e-01
1.884400534320967158e-01
1.883564070381912592e-01
1.882199851642366584e-01
1.882199851642366584e-01
1.881929818167847324e-01
1.881929818167847324e-01
1.881219550626927195e-01
1.881219550626927195e-01
1.880856116344745699e-01
1.880851130489596679e-01
1.879433452962044337e-01
1.879433452962044337e-01
1.879409373734889088e-01
1.879409373734889088e-01
1.879409373734889088e-01
1.877785894689979751e-01
1.877785894689979751e-01
1.877785894689979751e-01
1.876024926960963846e-01
1.875978726081181380e-01
1.873691715025808113e-01
1.871159077767778622e-01
1.869042992134159198e-01
1.869042992134159198e-01
1.864355978307943862e-01
1.864355978307943862e-01
1.861447446534656713e-01
1.860896481502670452e-01
1.858805235081303353e-01
1.858604343050251906e-01
1.857448123806226814e-01
1.857199935713214900e-01
1.855060830947494188e-01
1.851887627221400490e-01
1.851750621411838438e-01
1.851750621411838438e-01
1.851750621411838438e-01
1.851320598993077271e-01
1.851320598993077271e-01
1.850060102166810605e-01
1.848301066829217132e-01
1.848301066829217132e-01
1.848301066829217132e-01
1.848075401089326886e-01
1.847030065981074276e-01
1.847030065981074276e-01
1.843945062209946251e-01
1.842815729304447814e-01
1.842405562978094991e-01
1.841448510519788917e-01
1.841190466587196428e-01
1.840689234995004642e-01
1.839765965698626493e-01
1.838988191954816498e-01
1.838988191954816498e-01
1.838988191954816498e-01
1.836374113214582771e-01
1.834269118735614990e-01
1.834269118735614990e-01
1.832230523254039789e-01
1.831985165444585395e-01
1.831985165444585395e-01
1.831868222638836363e-01
1.831413165112517061e-01
1.831318659726280940e-01
1.830548762407791796e-01
1.830548762407791796e-01
1.829056054600931569e-01
1.828898906633029120e-01
1.828880400023847885e-01
1.827786946638770560e-01
1.825035378773124939e-01
1.825035378773124939e-01
1.820451528468293445e-01
1.818650575645595346e-01
1.814981450239745719e-01
1.814709799707476534e-01
1.811329426250379293e-01
1.809350682059670534e-01
1.803311973467739970e-01
1.802571763785983661e-01
1.798759469822547030e-01
1.798759469822547030e-01
1.798759469822547030e-01
1.798759469822547030e-01
1.798759469822547030e-01
1.798759469822547030e-01
1.796059205166695427e-01
1.795637610083999636e-01
1.794647006062356220e-01
1.794647006062356220e-01
1.794030453476994635e-01
1.794030453476994635e-01
1.794030453476994635e-01
1.792058520543444999e-01
1.792058520543444999e-01
1.792058520543444999e-01
1.792058520543444999e-01
1.792055231670367232e-01
1.791681840473828280e-01
1.791125177715426342e-01
1.790341275721483161e-01
1.790341275721483161e-01
1.788221966029636123e-01
1.788221966029636123e-01
1.786146405178125895e-01
1.786146405178125895e-01
1.786146405178125895e-01
1.782804457256107200e-01
1.782140526938189584e-01
1.777834830835467450e-01
1.777643768430955118e-01
1.776903255024357142e-01
1.776903255024357142e-01
1.774317378158698222e-01
1.774163513069790532e-01
1.774163513069790532e-01
1.774163513069790532e-01
1.774163513069790532e-01
1.774163513069790532e-01
1.772962421517497444e-01
1.772962421517497444e-01
1.772859325871948832e-01
1.772859325871948832e-01
1.772153826413935263e-01
1.771954032695908232e-01
1.771954032695908232e-01
1.771954032695908232e-01
1.771954032695908232e-01
1.771954032695908232e-01
1.770318350137893848e-01
1.769166249052106787e-01
1.768932149002600540e-01
1.768932149002600540e-01
1.768804568790332543e-01
1.767018648617865728e-01
1.763808857413252107e-01
1.763376690704200334e-01
1.763292070139061973e-01
1.761841152148168888e-01
1.759965555235134538e-01
1.759965555235134538e-01
1.759965555235134538e-01
1.759403781657814247e-01
1.758522051663462815e-01
1.758243726920129257e-01
1.754743421277266124e-01
1.750861716469760687e-01
1.748822404384759999e-01
1.748726273366980610e-01
1.747752529636830143e-01
1.747473288728342011e-01
1.747473288728342011e-01
1.746953036711793861e-01
1.745700003802169720e-01
1.742080617766064432e-01
1.742080617766064432e-01
1.742080617766064432e-01
1.740965618581952201e-01
1.740965618581952201e-01
1.740965618581952201e-01
1.738598772551964156e-01
1.738522255643066838e-01
1.738522255643066838e-01
1.738344304214042013e-01
1.738344304214042013e-01
1.738344304214042013e-01
1.738344304214042013e-01
1.738344304214042013e-01
1.737778365435918015e-01
1.737712793560202695e-01
1.737712793560202695e-01
1.737712793560202695e-01
1.737712793560202695e-01
1.737712793560202695e-01
1.737301010350419672e-01
1.737301010350419672e-01
1.736910717617917710e-01
1.736910717617917710e-01
1.736561915777357634e-01
1.736561915777357634e-01
1.736470388131032827e-01
1.736160443157448718e-01
1.736160443157448718e-01
1.736160443157448718e-01
1.736160443157448718e-01
1.736160443157448718e-01
1.736160443157448718e-01
1.736160443157448718e-01
1.735964261802221409e-01
1.735964261802221409e-01
1.735964261802221409e-01
1.735891448368210577e-01
1.735799524571562114e-01
1.735253994903163677e-01
1.735253994903163677e-01
1.735253994903163677e-01
1.735253994903163677e-01
1.735253994903163677e-01
1.734996337443603653e-01
1.734323325913286473e-01
1.734323325913286473e-01
1.734323325913286473e-01
1.734320294983361099e-01
1.734310007125526853e-01
1.734310007125526853e-01
1.734310007125526853e-01
1.733694333415747302e-01
1.733694333415747302e-01
1.732607127082121945e-01
1.729319336686116759e-01
1.727481943559398270e-01
1.726969644889376210e-01
1.726225415357288684e-01
1.722529879986174906e-01
1.722529879986174906e-01
1.721806982877729375e-01
1.721806982877729375e-01
1.721806982877729375e-01
1.721755761993790657e-01
1.721461172007241469e-01
1.721401230220136191e-01
1.720793520528354215e-01
1.720793520528354215e-01
1.720612037855811238e-01
1.720612037855811238e-01
1.720612037855811238e-01
1.716847606375018209e-01
1.716847606375018209e-01
1.716847606375018209e-01
1.716847606375018209e-01
1.716847606375018209e-01
1.716832322111138398e-01
1.716832322111138398e-01
1.716832322111138398e-01
1.716514363758069039e-01
1.716514363758069039e-01
1.716514363758069039e-01
1.716514363758069039e-01
1.716514363758069039e-01
1.716514363758069039e-01
1.716514363758069039e-01
1.716514363758069039e-01
1.716514363758069039e-01
1.716514363758069039e-01
1.716514363758069039e-01
1.716514363758069039e-01
1.716260631830517358e-01
1.716260631830517358e-01
1.716260631830517358e-01
1.716260631830517358e-01
1.715441663800291727e-01
1.715441663800291727e-01
1.715307925705126524e-01
1.715275463264525346e-01
1.715275463264525346e-01
1.715275463264525346e-01
1.715275463264525346e-01
1.715275463264525346e-01
1.715275463264525346e-01
1.715275463264525346e-01
1.715275463264525346e-01
1.715275463264525346e-01
1.715225113350809516e-01
1.715225113350809516e-01
1.715132715503431549e-01
1.714934382058015405e-01
1.714934382058015405e-01
1.714934382058015405e-01
1.714934382058015405e-01
1.714934382058015405e-01
1.714934382058015405e-01
1.714711937322456747e-01
1.714711937322456747e-01
1.714711937322456747e-01
1.714711937322456747e-01
1.714711937322456747e-01
1.714711937322456747e-01
1.714711937322456747e-01
1.714562697481873121e-01
1.714562697481873121e-01
1.714562697481873121e-01
1.714562697481873121e-01
1.714542531763451338e-01
1.714542531763451338e-01
1.714542531763451338e-01
1.714542531763451338e-01
1.714542531763451338e-01
1.714542531763451338e-01
1.714510641992207929e-01
1.714510641992207929e-01
1.714510641992207929e-01
1.713406582584487692e-01
1.713406582584487692e-01
1.712961007938403335e-01
1.712961007938403335e-01
1.712954378380251996e-01
1.712954378380251996e-01
1.709899846115622013e-01
1.708585768365551150e-01
1.708585768365551150e-01
1.708290911621553054e-01
1.706435048983987179e-01
1.706155617286337078e-01
1.704125330479031308e-01
1.703898453637828769e-01
1.703898453637828769e-01
1.699478315108379767e-01
1.699478315108379767e-01
1.699478315108379767e-01
1.699478315108379767e-01
1.699478315108379767e-01
1.699478315108379767e-01
1.698142479032519747e-01
1.698142479032519747e-01
1.698142479032519747e-01
1.698142479032519747e-01
1.697992539593787542e-01
1.697970205931235710e-01
1.696082673750438363e-01
1.696082673750438363e-01
1.696082673750438363e-01
1.694284227037025081e-01
1.693578609824904768e-01
1.693537410679112343e-01
1.693537410679112343e-01
1.693537410679112343e-01
1.689768302099434738e-01
1.689768302099434738e-01
1.689204758733230949e-01
1.688039450407337050e-01
1.685070858619053258e-01
1.685070858619053258e-01
1.685070858619053258e-01
1.682385360141427366e-01
1.682385360141427366e-01
1.682385360141427366e-01
1.681390377080123899e-01
1.680962040976933802e-01
1.680962040976933802e-01
1.680962040976933802e-01
1.680962040976933802e-01
1.680962040976933802e-01
1.680962040976933802e-01
1.680718378339634000e-01
1.680718378339634000e-01
1.680636719774642462e-01
1.679988074942091736e-01
1.679988074942091736e-01
1.679909450324296727e-01
1.677603200996131971e-01
1.673748792257548079e-01
1.673748792257548079e-01
1.673338905673642518e-01
1.670918087372839644e-01
1.670019392436589700e-01
1.670019392436589700e-01
1.670019392436589700e-01
1.669815481442422922e-01
1.669497020261320186e-01
1.668868421619748021e-01
1.667785641305954414e-01
1.666889308802432801e-01
1.666889308802432801e-01
1.666277885630765287e-01
1.666277885630765287e-01
1.666277885630765287e-01
1.662371396589160111e-01
1.662371396589160111e-01
1.662104072561818302e-01
1.662104072561818302e-01
1.661899319362584171e-01
1.661899319362584171e-01
1.660608381188618810e-01
1.660608381188618810e-01
1.659468796720544870e-01
1.658449804098778568e-01
1.651405325121954037e-01
1.647808204780345787e-01
1.647808204780345787e-01
1.646960520866835309e-01
1.646722515464756897e-01
1.646722515464756897e-01
1.646480118233895618e-01
1.646480118233895618e-01
1.644932117469089239e-01
1.644415045804287490e-01
1.643192464725737323e-01
1.639719774422331300e-01
1.639719774422331300e-01
1.639198017532176033e-01
1.639029704751585326e-01
1.637742780823547295e-01
1.637638486997774756e-01
1.634806579603045873e-01
1.634806579603045873e-01
1.630945919109272613e-01
1.630945919109272613e-01
1.630945919109272613e-01
1.630945919109272613e-01
1.630945919109272613e-01
1.630641581576208754e-01
1.630641581576208754e-01
1.630641581576208754e-01
1.630162207947558617e-01
1.630162207947558617e-01
1.629776069925574222e-01
1.629776069925574222e-01
1.629776069925574222e-01
1.629776069925574222e-01
1.629776069925574222e-01
1.629776069925574222e-01
1.629288551986069200e-01
1.629288551986069200e-01
1.629288551986069200e-01
1.629288551986069200e-01
1.629288551986069200e-01
1.629268827402604314e-01
1.629268827402604314e-01
1.629268827402604314e-01
1.629268827402604314e-01
1.628715429799107162e-01
1.628715429799107162e-01
1.628715429799107162e-01
1.628715429799107162e-01
1.628715429799107162e-01
1.628715429799107162e-01
1.627991663539562206e-01
1.627991663539562206e-01
1.627991663539562206e-01
1.627991663539562206e-01
1.627991663539562206e-01
1.627687814267792521e-01
1.627687814267792521e-01
1.625905958165378973e-01
1.625905958165378973e-01
1.625905958165378973e-01
1.625905958165378973e-01
1.625905958165378973e-01
1.625905958165378973e-01
1.625878326458739809e-01
1.625878326458739809e-01
1.625878326458739809e-01
1.625784613952797886e-01
1.625784613952797886e-01
1.625784613952797886e-01
1.625784613952797886e-01
1.625740598969478701e-01
1.625716177383194627e-01
1.625716177383194627e-01
1.625510646404198234e-01
1.625510646404198234e-01
1.625510646404198234e-01
1.625423731475032496e-01
1.625423731475032496e-01
1.625423731475032496e-01
1.625423731475032496e-01
1.625423731475032496e-01
1.625423731475032496e-01
1.625423731475032496e-01
1.625423731475032496e-01
1.625129262276044928e-01
1.625129262276044928e-01
1.625129262276044928e-01
1.625129262276044928e-01
1.625129262276044928e-01
1.625129262276044928e-01
1.625129262276044928e-01
1.625129262276044928e-01
1.625129262276044928e-01
1.625129262276044928e-01
1.625129262276044928e-01
1.625129262276044928e-01
1.624993972284501653e-01
1.624993972284501653e-01
1.624993972284501653e-01
1.624993972284501653e-01
1.624993972284501653e-01
1.624881906591950920e-01
1.624881906591950920e-01
1.624881906591950920e-01
1.624881906591950920e-01
1.624881906591950920e-01
1.624881906591950920e-01
1.624781570952991971e-01
1.624781570952991971e-01
1.624667378436104592e-01
1.624667378436104592e-01
1.624667378436104592e-01
1.624667378436104592e-01
1.624667378436104592e-01
1.624667378436104592e-01
1.624667378436104592e-01
1.624667378436104592e-01
1.624667378436104592e-01
1.624667378436104592e-01
1.624667378436104592e-01
1.624667378436104592e-01
1.624667378436104592e-01
1.624667378436104592e-01
1.624667378436104592e-01
1.624647242310612028e-01
1.624647242310612028e-01
1.624647242310612028e-01
1.624647242310612028e-01
1.624647242310612028e-01
1.624647242310612028e-01
1.624647242310612028e-01
1.624647242310612028e-01
1.624595147695866715e-01
1.624595147695866715e-01
1.624595147695866715e-01
1.624223607804014258e-01
1.624223607804014258e-01
1.624088737421471584e-01
1.624088737421471584e-01
1.624088737421471584e-01
1.623773596294380284e-01
1.623773596294380284e-01
1.623773596294380284e-01
1.623773596294380284e-01
1.623773596294380284e-01
1.623773596294380284e-01
1.623773596294380284e-01
1.623773596294380284e-01
1.623773596294380284e-01
1.623773596294380284e-01
1.623773596294380284e-01
1.623773596294380284e-01
1.623773596294380284e-01
1.623773596294380284e-01
1.623773596294380284e-01
1.623773596294380284e-01
1.623773596294380284e-01
1.623773596294380284e-01
1.623773596294380284e-01
1.623773596294380284e-01
1.623773596294380284e-01
1.623773596294380284e-01
1.623773596294380284e-01
1.623773596294380284e-01
1.623601417662310920e-01
1.623601417662310920e-01
1.623601417662310920e-01
1.623601417662310920e-01
1.623601417662310920e-01
1.623601417662310920e-01
1.623601417662310920e-01
1.623601417662310920e-01
1.623601417662310920e-01
1.623601417662310920e-01
1.623601417662310920e-01
1.623601417662310920e-01
1.623601417662310920e-01
1.623601417662310920e-01
1.623601417662310920e-01
1.623601417662310920e-01
1.623601417662310920e-01
1.623601417662310920e-01
1.623601417662310920e-01
1.623601417662310920e-01
1.623601417662310920e-01
1.623601417662310920e-01
1.623601417662310920e-01
1.623601417662310920e-01
1.623601417662310920e-01
1.623601417662310920e-01
1.623601417662310920e-01
1.623601417662310920e-01
1.623601417662310920e-01
1.623601417662310920e-01
1.623509240001326515e-01
1.623509240001326515e-01
1.623509240001326515e-01
1.623509240001326515e-01
1.623509240001326515e-01
1.623509240001326515e-01
1.623509240001326515e-01
1.623509240001326515e-01
1.623509240001326515e-01
1.623481767321351965e-01
1.623481767321351965e-01
1.623481767321351965e-01
1.623481767321351965e-01
1.623182703154618378e-01
1.622991563804625226e-01
1.622991563804625226e-01
1.622991563804625226e-01
1.622991563804625226e-01
1.622991563804625226e-01
1.622991563804625226e-01
1.622991563804625226e-01
1.622991563804625226e-01
1.622898051894627880e-01
1.622898051894627880e-01
1.622898051894627880e-01
1.622898051894627880e-01
1.622898051894627880e-01
1.622850979977748243e-01
1.622820453731416424e-01
1.622820453731416424e-01
1.622774302995732831e-01
1.622774302995732831e-01
1.622774302995732831e-01
1.622697730292166629e-01
1.622697730292166629e-01
1.622697730292166629e-01
1.622598764358291756e-01
1.622598764358291756e-01
1.622598764358291756e-01
1.622598764358291756e-01
1.622598764358291756e-01
1.622598764358291756e-01
1.622330197927995543e-01
1.622330197927995543e-01
1.622330197927995543e-01
1.622330197927995543e-01
1.622330197927995543e-01
1.622330197927995543e-01
1.622330197927995543e-01
1.622330197927995543e-01
1.622330197927995543e-01
1.622330197927995543e-01
1.622330197927995543e-01
1.622330197927995543e-01
1.622330197927995543e-01
1.622330197927995543e-01
1.622330197927995543e-01
1.622304986605393184e-01
1.622304986605393184e-01
1.622304986605393184e-01
1.622304986605393184e-01
1.622304986605393184e-01
1.622058527215732848e-01
1.622058527215732848e-01
1.622058527215732848e-01
1.622058527215732848e-01
1.622058527215732848e-01
1.622058527215732848e-01
1.622058527215732848e-01
1.622058527215732848e-01
1.622058527215732848e-01
1.622010922091222385e-01
1.622010922091222385e-01
1.622010922091222385e-01
1.622010922091222385e-01
1.622010922091222385e-01
1.622010922091222385e-01
1.622010922091222385e-01
1.622010922091222385e-01
1.621952171583104230e-01
1.621681212157601859e-01
1.621681212157601859e-01
1.621681212157601859e-01
1.621681212157601859e-01
1.621681212157601859e-01
1.621571982723877536e-01
1.621571982723877536e-01
1.621571982723877536e-01
1.621571982723877536e-01
1.621571982723877536e-01
1.621571982723877536e-01
1.621523521702792903e-01
1.621523521702792903e-01
1.621523521702792903e-01
1.621523521702792903e-01
1.621523521702792903e-01
1.621523521702792903e-01
1.621523521702792903e-01
1.621523521702792903e-01
1.621523521702792903e-01
1.621523521702792903e-01
1.621523521702792903e-01
1.621523521702792903e-01
1.621523521702792903e-01
1.621523521702792903e-01
1.621523521702792903e-01
1.621523521702792903e-01
1.621523521702792903e-01
1.621523521702792903e-01
1.621523521702792903e-01
1.621523521702792903e-01
1.621523521702792903e-01
1.621523521702792903e-01
1.621523521702792903e-01
1.621523521702792903e-01
1.621523521702792903e-01
1.621523521702792903e-01
1.621523521702792903e-01
1.621523521702792903e-01
1.621523521702792903e-01
1.621523521702792903e-01
1.621523521702792903e-01
1.621523521702792903e-01
1.621523521702792903e-01
1.621523521702792903e-01
1.621523521702792903e-01
1.621523521702792903e-01
1.621523521702792903e-01
1.621523521702792903e-01
1.621523521702792903e-01
1.621523521702792903e-01
1.621523521702792903e-01
1.621523521702792903e-01
1.621523521702792903e-01
1.621523521702792903e-01
1.621523521702792903e-01
1.621523521702792903e-01
1.621523521702792903e-01
1.621523521702792903e-01
1.621523521702792903e-01
1.621523521702792903e-01
1.621523521702792903e-01
1.621523521702792903e-01
1.621523521702792903e-01
1.621523521702792903e-01
1.621523521702792903e-01
1.621372720729555850e-01
1.621372720729555850e-01
1.621372720729555850e-01
