3.903700806636731940e-02
2.008505372378419779e-02
1.321589362781009323e-02
8.170895394804502526e-03
4.700647289032709730e-03
2.886632773032604161e-03
2.073195965214622103e-03
1.679283587929835406e-03
7.158562535332570632e-04
5.806916842986681185e-04
2.606189502250130991e-04
1.533329753520578558e-04
9.889922628814270015e-05
7.444243901015094856e-05
5.475674315363778503e-05
4.131872792997598064e-05
3.046272670238906111e-05
2.848950028986591186e-05
2.672015896268039572e-05
2.560668874549246762e-05
2.336176990803662845e-05
2.248783744999302233e-05
1.984635313125609847e-05
1.710874076644697850e-05
1.413540790544371354e-05
1.413176712904875314e-05
1.355197241537098307e-05
1.333939476754655044e-05
1.254133929242194471e-05
1.199129221107546522e-05
1.148405184650590472e-05
1.065505853371267244e-05
9.814587636302508984e-06
9.552495023800634883e-06
8.290138832004837282e-06
8.290138832004837282e-06
8.290138832004837282e-06
8.139928164988910836e-06
8.105509726763057747e-06
8.012959670743251725e-06
7.863040302842872972e-06
7.371226709384406471e-06
7.347586837764253442e-06
7.027500576477191708e-06
7.027500576477191708e-06
6.852517045962147194e-06
6.640390458468412495e-06
6.625790157230250582e-06
6.219181591850606925e-06
6.072288794944053881e-06
5.813558167502895419e-06
5.696867522904843120e-06
5.696867522904843120e-06
5.696867522904843120e-06
5.173879886195423009e-06
4.940033785019563262e-06
4.191396529302651456e-06
4.093256293077395101e-06
4.016348429122088160e-06
4.016348429122088160e-06
3.974760080810108740e-06
3.935191929771213206e-06
3.935191929771213206e-06
3.874490307323724573e-06
3.874490307323724573e-06
3.833696086093921363e-06
3.792652805981667909e-06
3.792652805981667909e-06
3.792652805981667909e-06
3.792652805981667909e-06
3.792652805981667909e-06
3.792652805981667909e-06
3.792652805981667909e-06
3.792652805981667909e-06
3.792652805981667909e-06
3.792652805981667909e-06
3.792652805981667909e-06
3.773123444707558649e-06
3.608502534096295715e-06
3.576040998553912966e-06
3.576040998553912966e-06
3.576040998553912966e-06
3.576040998553912966e-06
3.412223630969974357e-06
3.412223630969974357e-06
3.051952445257840995e-06
3.017646895832691500e-06
3.004576986616787952e-06
2.777617367553152634e-06
2.777617367553152634e-06
2.721267978189394223e-06
2.721267978189394223e-06
2.721267978189394223e-06
2.721267978189394223e-06
2.721267978189394223e-06
2.721267978189394223e-06
2.604596796332129071e-06
2.582065442712679568e-06
2.582065442712679568e-06
2.409858149233104013e-06
2.333657310409049293e-06
2.333657310409049293e-06
2.279363566320206739e-06
2.279363566320206739e-06
2.279363566320206739e-06
2.210732870979900103e-06
2.210732870979900103e-06
2.210732870979900103e-06
2.210732870979900103e-06
2.176597793853337397e-06
2.144298027993571441e-06
2.102037641117360664e-06
2.004227194804258610e-06
2.004227194804258610e-06
1.951389580711952756e-06
1.951389580711952756e-06
1.951389580711952756e-06
1.939669165467956579e-06
1.855648865695876088e-06
1.853517654340334242e-06
1.853517654340334242e-06
1.853517654340334242e-06
1.853517654340334242e-06
1.853517654340334242e-06
1.853517654340334242e-06
1.853517654340334242e-06
1.853517654340334242e-06
1.853517654340334242e-06
1.788728941035372493e-06
1.788728941035372493e-06
1.788728941035372493e-06
1.788728941035372493e-06
1.788728941035372493e-06
1.788728941035372493e-06
1.788728941035372493e-06
1.788728941035372493e-06
1.780941027070238120e-06
1.780941027070238120e-06
1.780941027070238120e-06
1.780941027070238120e-06
1.780941027070238120e-06
1.780941027070238120e-06
1.780941027070238120e-06
1.749412873840471975e-06
1.749412873840471975e-06
1.749412873840471975e-06
1.749412873840471975e-06
1.714049287828874659e-06
1.714049287828874659e-06
1.714049287828874659e-06
1.714049287828874659e-06
1.677738447481305156e-06
1.673973007895898069e-06
1.673973007895898069e-06
1.673973007895898069e-06
1.621362649333890417e-06
1.621362649333890417e-06
1.556514709644783226e-06
1.556514709644783226e-06
1.556514709644783226e-06
1.556514709644783226e-06
1.449410819095290161e-06
1.449410819095290161e-06
1.449410819095290161e-06
1.449410819095290161e-06
1.328765938969987603e-06
1.328765938969987603e-06
1.328765938969987603e-06
1.328765938969987603e-06
1.328765938969987603e-06
1.328765938969987603e-06
1.305328579274275446e-06
1.305328579274275446e-06
1.305328579274275446e-06
1.305328579274275446e-06
1.305328579274275446e-06
1.243395188919071132e-06
1.243395188919071132e-06
1.243395188919071132e-06
1.243395188919071132e-06
1.243395188919071132e-06
1.243395188919071132e-06
1.243395188919071132e-06
1.243395188919071132e-06
1.243395188919071132e-06
1.243395188919071132e-06
1.243395188919071132e-06
1.243395188919071132e-06
1.243395188919071132e-06
1.225300562224469522e-06
1.225300562224469522e-06
1.225300562224469522e-06
1.225300562224469522e-06
1.214412992232931183e-06
1.214412992232931183e-06
1.214412992232931183e-06
1.214412992232931183e-06
1.214412992232931183e-06
1.214412992232931183e-06
1.214412992232931183e-06
1.214412992232931183e-06
1.206335428725972642e-06
1.206335428725972642e-06
1.206335428725972642e-06
1.206335428725972642e-06
1.195975974220417190e-06
1.188557444395116242e-06
1.188557444395116242e-06
1.188557444395116242e-06
1.188557444395116242e-06
1.188557444395116242e-06
1.188557444395116242e-06
1.188557444395116242e-06
1.188557444395116242e-06
1.188557444395116242e-06
1.188557444395116242e-06
1.171318092697309177e-06
1.171318092697309177e-06
1.171318092697309177e-06
1.156314722578042480e-06
1.135653294523745425e-06
1.135653294523745425e-06
1.124766917129426177e-06
1.124766917129426177e-06
1.109732951875890231e-06
1.109732951875890231e-06
1.109732951875890231e-06
1.109732951875890231e-06
1.099339779191758930e-06
1.099339779191758930e-06
1.093951076583442658e-06
1.093951076583442658e-06
1.093951076583442658e-06
1.021227454461326247e-06
1.021227454461326247e-06
1.021227454461326247e-06
1.021227454461326247e-06
1.021227454461326247e-06
1.021227454461326247e-06
9.939768465212147406e-07
9.733487086479869171e-07
9.733487086479869171e-07
9.733487086479869171e-07
9.733487086479869171e-07
9.733487086479869171e-07
9.733487086479869171e-07
9.733487086479869171e-07
9.733487086479869171e-07
9.733487086479869171e-07
9.325950580151744291e-07
9.281011488401062173e-07
9.281011488401062173e-07
9.230454483543985869e-07
9.230454483543985869e-07
9.230454483543985869e-07
9.230454483543985869e-07
9.230454483543985869e-07
9.230454483543985869e-07
9.230454483543985869e-07
9.230454483543985869e-07
9.230454483543985869e-07
9.230454483543985869e-07
9.230454483543985869e-07
9.225889087639527404e-07
9.154855812691190548e-07
9.154855812691190548e-07
9.006544021259270004e-07
9.006544021259270004e-07
9.006544021259270004e-07
9.006544021259270004e-07
9.006544021259270004e-07
9.006544021259270004e-07
9.006544021259270004e-07
9.006544021259270004e-07
9.006544021259270004e-07
9.006544021259270004e-07
9.006544021259270004e-07
9.006544021259270004e-07
9.006544021259270004e-07
9.006544021259270004e-07
8.995778301266232487e-07
8.978096208439263102e-07
8.978096208439263102e-07
8.978096208439263102e-07
8.729246643519681715e-07
8.729246643519681715e-07
8.729246643519681715e-07
8.729246643519681715e-07
8.729246643519681715e-07
8.729246643519681715e-07
8.729246643519681715e-07
8.729246643519681715e-07
8.729246643519681715e-07
8.388722687645806577e-07
8.388722687645806577e-07
8.388722687645806577e-07
8.388722687645806577e-07
8.388722687645806577e-07
8.388722687645806577e-07
8.388722687645806577e-07
8.057377450384984811e-07
8.057377450384984811e-07
8.057377450384984811e-07
8.057377450384984811e-07
8.057377450384984811e-07
8.057377450384984811e-07
8.057377450384984811e-07
8.057377450384984811e-07
8.057377450384984811e-07
8.057377450384984811e-07
8.057377450384984811e-07
8.057377450384984811e-07
8.057377450384984811e-07
8.057377450384984811e-07
8.057377450384984811e-07
8.057377450384984811e-07
7.966726954299363299e-07
7.966726954299363299e-07
7.966726954299363299e-07
7.966726954299363299e-07
7.966726954299363299e-07
7.787083761429005475e-07
7.778017347578390347e-07
7.778017347578390347e-07
7.778017347578390347e-07
7.778017347578390347e-07
7.778017347578390347e-07
7.778017347578390347e-07
7.778017347578390347e-07
7.718178124502860923e-07
7.718178124502860923e-07
7.718178124502860923e-07
7.718178124502860923e-07
7.718178124502860923e-07
7.718178124502860923e-07
7.718178124502860923e-07
7.718178124502860923e-07
7.452231396682156663e-07
7.452231396682156663e-07
7.452231396682156663e-07
7.100731712246973731e-07
7.100731712246973731e-07
7.100731712246973731e-07
7.100731712246973731e-07
7.100731712246973731e-07
7.100731712246973731e-07
7.100731712246973731e-07
7.100731712246973731e-07
7.100731712246973731e-07
7.100731712246973731e-07
7.100731712246973731e-07
7.100731712246973731e-07
7.100731712246973731e-07
7.035111112225636090e-07
6.985875772585916506e-07
6.985875772585916506e-07
6.985875772585916506e-07
6.985875772585916506e-07
6.985875772585916506e-07
6.985875772585916506e-07
6.971000763823052764e-07
6.765280886611435562e-07
6.619981729504527170e-07
6.611534886627958311e-07
6.611534886627958311e-07
6.611534886627958311e-07
6.611534886627958311e-07
6.611534886627958311e-07
6.611534886627958311e-07
6.611534886627958311e-07
6.611534886627958311e-07
6.611534886627958311e-07
6.611534886627958311e-07
6.470623261253314870e-07
6.411742641135146169e-07
6.411742641135146169e-07
6.411742641135146169e-07
6.411742641135146169e-07
6.411742641135146169e-07
6.411742641135146169e-07
6.411742641135146169e-07
5.851136170260324670e-07
5.851136170260324670e-07
5.851136170260324670e-07
5.851136170260324670e-07
5.851136170260324670e-07
5.851136170260324670e-07
5.851136170260324670e-07
5.851136170260324670e-07
5.851136170260324670e-07
5.851136170260324670e-07
5.851136170260324670e-07
5.851136170260324670e-07
5.851136170260324670e-07
5.851136170260324670e-07
5.851136170260324670e-07
5.851136170260324670e-07
5.851136170260324670e-07
5.851136170260324670e-07
5.851136170260324670e-07
5.851136170260324670e-07
5.661630666509154253e-07
5.661630666509154253e-07
5.661630666509154253e-07
5.661630666509154253e-07
5.661630666509154253e-07
5.661630666509154253e-07
5.661630666509154253e-07
5.661630666509154253e-07
5.661630666509154253e-07
5.661630666509154253e-07
5.604961500591576081e-07
5.603260856956944456e-07
5.603260856956944456e-07
5.603260856956944456e-07
5.354532268207620579e-07
5.354532268207620579e-07
5.293475169310113415e-07
5.291467370589802464e-07
5.291467370589802464e-07
5.272302177235913781e-07
5.272302177235913781e-07
5.208184628666939654e-07
5.208184628666939654e-07
5.195892116734838431e-07
5.195892116734838431e-07
5.195892116734838431e-07
5.195892116734838431e-07
5.195892116734838431e-07
5.181778542286266823e-07
5.181778542286266823e-07
5.181778542286266823e-07
5.181778542286266823e-07
5.156497532059838468e-07
5.156497532059838468e-07
5.088452905742908474e-07
5.088452905742908474e-07
5.088452905742908474e-07
5.088452905742908474e-07
5.088452905742908474e-07
5.088452905742908474e-07
5.088452905742908474e-07
5.088452905742908474e-07
5.088452905742908474e-07
5.088452905742908474e-07
5.088452905742908474e-07
5.088452905742908474e-07
5.088452905742908474e-07
5.088452905742908474e-07
5.088452905742908474e-07
5.088452905742908474e-07
4.840082252200113264e-07
4.840082252200113264e-07
4.840082252200113264e-07
4.840082252200113264e-07
4.840082252200113264e-07
4.840082252200113264e-07
4.835179340136841889e-07
4.835179340136841889e-07
4.835179340136841889e-07
4.835179340136841889e-07
4.835179340136841889e-07
4.835179340136841889e-07
4.835179340136841889e-07
4.835179340136841889e-07
4.835179340136841889e-07
4.835179340136841889e-07
4.835179340136841889e-07
4.835179340136841889e-07
4.835179340136841889e-07
4.835179340136841889e-07
4.835179340136841889e-07
4.835179340136841889e-07
4.835179340136841889e-07
4.835179340136841889e-07
4.835179340136841889e-07
4.835179340136841889e-07
4.835179340136841889e-07
4.835179340136841889e-07
4.835179340136841889e-07
4.835179340136841889e-07
4.835179340136841889e-07
4.835179340136841889e-07
4.835179340136841889e-07
4.835179340136841889e-07
4.835179340136841889e-07
4.835179340136841889e-07
4.835179340136841889e-07
4.835179340136841889e-07
4.835179340136841889e-07
4.779583400258892311e-07
4.779583400258892311e-07
4.627382426691588360e-07
4.619065498891537384e-07
4.619065498891537384e-07
4.619065498891537384e-07
4.619065498891537384e-07
4.619065498891537384e-07
4.619065498891537384e-07
4.619065498891537384e-07
4.619065498891537384e-07
4.619065498891537384e-07
4.517251222840094814e-07
4.467700034415340099e-07
4.467204025429822073e-07
4.467204025429822073e-07
4.467204025429822073e-07
4.467204025429822073e-07
4.467204025429822073e-07
4.467204025429822073e-07
4.467204025429822073e-07
4.467204025429822073e-07
4.467204025429822073e-07
4.467204025429822073e-07
4.467204025429822073e-07
4.467204025429822073e-07
4.467204025429822073e-07
4.467204025429822073e-07
4.467204025429822073e-07
4.467204025429822073e-07
4.467204025429822073e-07
4.467204025429822073e-07
4.467204025429822073e-07
4.467204025429822073e-07
4.467204025429822073e-07
4.467204025429822073e-07
4.467204025429822073e-07
4.467204025429822073e-07
4.467204025429822073e-07
4.467204025429822073e-07
4.467204025429822073e-07
4.467204025429822073e-07
4.467204025429822073e-07
4.348648381696251682e-07
4.256487344201898211e-07
4.256487344201898211e-07
4.256487344201898211e-07
4.202916568151433068e-07
4.199545062375345996e-07
4.199545062375345996e-07
4.199545062375345996e-07
4.199545062375345996e-07
4.199545062375345996e-07
4.199545062375345996e-07
4.199545062375345996e-07
4.199545062375345996e-07
4.199545062375345996e-07
4.199545062375345996e-07
4.199545062375345996e-07
4.199545062375345996e-07
4.199545062375345996e-07
4.199545062375345996e-07
4.199545062375345996e-07
4.199545062375345996e-07
4.199545062375345996e-07
4.199545062375345996e-07
4.199545062375345996e-07
4.068880655847583350e-07
4.057845364299924785e-07
4.057845364299924785e-07
4.057845364299924785e-07
4.057845364299924785e-07
4.057845364299924785e-07
4.057845364299924785e-07
4.057845364299924785e-07
4.057845364299924785e-07
4.057845364299924785e-07
4.057845364299924785e-07
4.057845364299924785e-07
4.057845364299924785e-07
4.057845364299924785e-07
4.057845364299924785e-07
4.057845364299924785e-07
4.057845364299924785e-07
4.057845364299924785e-07
4.057845364299924785e-07
4.057845364299924785e-07
3.947584958701091051e-07
3.938377885253216360e-07
3.938377885253216360e-07
3.938377885253216360e-07
3.938377885253216360e-07
3.938377885253216360e-07
3.938377885253216360e-07
3.788006378111758308e-07
3.788006378111758308e-07
3.788006378111758308e-07
3.788006378111758308e-07
3.788006378111758308e-07
3.788006378111758308e-07
3.788006378111758308e-07
3.788006378111758308e-07
3.512676495993932200e-07
3.512676495993932200e-07
3.512676495993932200e-07
3.512676495993932200e-07
3.512676495993932200e-07
3.512676495993932200e-07
3.512676495993932200e-07
3.512676495993932200e-07
3.512676495993932200e-07
3.509394735945035061e-07
3.509394735945035061e-07
3.509394735945035061e-07
3.509394735945035061e-07
3.509394735945035061e-07
3.509394735945035061e-07
3.509394735945035061e-07
3.509394735945035061e-07
3.509394735945035061e-07
3.509394735945035061e-07
3.509394735945035061e-07
3.509394735945035061e-07
3.509394735945035061e-07
3.509394735945035061e-07
3.509394735945035061e-07
3.509394735945035061e-07
3.509394735945035061e-07
3.509394735945035061e-07
3.509394735945035061e-07
3.509394735945035061e-07
3.509394735945035061e-07
3.509394735945035061e-07
3.509394735945035061e-07
3.509394735945035061e-07
3.509394735945035061e-07
3.509394735945035061e-07
3.509394735945035061e-07
3.509394735945035061e-07
3.509394735945035061e-07
3.509394735945035061e-07
3.509394735945035061e-07
3.509394735945035061e-07
3.509394735945035061e-07
3.509394735945035061e-07
3.509394735945035061e-07
3.509394735945035061e-07
3.509394735945035061e-07
3.509394735945035061e-07
3.488440936552269586e-07
3.479027064517425834e-07
3.479027064517425834e-07
3.479027064517425834e-07
3.479027064517425834e-07
3.479027064517425834e-07
3.479027064517425834e-07
3.479027064517425834e-07
3.479027064517425834e-07
3.479027064517425834e-07
3.479027064517425834e-07
3.479027064517425834e-07
3.479027064517425834e-07
3.479027064517425834e-07
3.479027064517425834e-07
3.479027064517425834e-07
3.479027064517425834e-07
3.479027064517425834e-07
3.479027064517425834e-07
3.479027064517425834e-07
3.338208417142810080e-07
3.338208417142810080e-07
3.338208417142810080e-07
3.338208417142810080e-07
3.338208417142810080e-07
3.338208417142810080e-07
3.338208417142810080e-07
3.338208417142810080e-07
3.338208417142810080e-07
3.338208417142810080e-07
3.338208417142810080e-07
3.338208417142810080e-07
3.317966475686476346e-07
3.317966475686476346e-07
3.317966475686476346e-07
3.317966475686476346e-07
3.317966475686476346e-07
3.317966475686476346e-07
3.132822132779527408e-07
3.117633259178404265e-07
3.117633259178404265e-07
3.117633259178404265e-07
3.117633259178404265e-07
3.117633259178404265e-07
3.117633259178404265e-07
3.117633259178404265e-07
3.117633259178404265e-07
2.965773190083507276e-07
2.965773190083507276e-07
2.965773190083507276e-07
2.965773190083507276e-07
2.965773190083507276e-07
2.965773190083507276e-07
2.858285762497461112e-07
2.855220386396360958e-07
2.855220386396360958e-07
2.828242343764263589e-07
2.828242343764263589e-07
2.828242343764263589e-07
2.828242343764263589e-07
2.828242343764263589e-07
2.828242343764263589e-07
2.828242343764263589e-07
2.828242343764263589e-07
2.828242343764263589e-07
2.828242343764263589e-07
2.782998883370001723e-07
2.782998883370001723e-07
2.782998883370001723e-07
2.782998883370001723e-07
2.760304382450960951e-07
2.760304382450960951e-07
2.760304382450960951e-07
2.760304382450960951e-07
2.760304382450960951e-07
2.760304382450960951e-07
2.760304382450960951e-07
2.737066391573000181e-07
2.721168870016745455e-07
2.721168870016745455e-07
2.721168870016745455e-07
2.721168870016745455e-07
2.721168870016745455e-07
2.721168870016745455e-07
2.721168870016745455e-07
2.721168870016745455e-07
2.721168870016745455e-07
2.721168870016745455e-07
2.721168870016745455e-07
2.721168870016745455e-07
2.721168870016745455e-07
2.721168870016745455e-07
2.721168870016745455e-07
2.721168870016745455e-07
2.721168870016745455e-07
2.520325355648060674e-07
2.520325355648060674e-07
2.520325355648060674e-07
2.520325355648060674e-07
2.520325355648060674e-07
2.520325355648060674e-07
2.520325355648060674e-07
2.520325355648060674e-07
2.520325355648060674e-07
2.520325355648060674e-07
2.520325355648060674e-07
2.520325355648060674e-07
2.520325355648060674e-07
2.520325355648060674e-07
2.520325355648060674e-07
2.520325355648060674e-07
2.520325355648060674e-07
2.520325355648060674e-07
2.520325355648060674e-07
2.520325355648060674e-07
2.520325355648060674e-07
2.520325355648060674e-07
2.520325355648060674e-07
2.520325355648060674e-07
2.520325355648060674e-07
2.520325355648060674e-07
2.520325355648060674e-07
2.517973397890968469e-07
2.517973397890968469e-07
2.517973397890968469e-07
2.517973397890968469e-07
2.517973397890968469e-07
2.517973397890968469e-07
2.460563172123739784e-07
2.460563172123739784e-07
2.460563172123739784e-07
2.460563172123739784e-07
2.325937158257504205e-07
2.325937158257504205e-07
2.280399627909669269e-07
2.280399627909669269e-07
2.280399627909669269e-07
2.280399627909669269e-07
2.244950087961293397e-07
2.240936853423573139e-07
2.240936853423573139e-07
2.240936853423573139e-07
2.240936853423573139e-07
2.240936853423573139e-07
2.240936853423573139e-07
2.240936853423573139e-07
2.240936853423573139e-07
2.240936853423573139e-07
2.240936853423573139e-07
2.240936853423573139e-07
2.212725776724469363e-07
2.212725776724469363e-07
2.212725776724469363e-07
2.212725776724469363e-07
2.212725776724469363e-07
2.212725776724469363e-07
2.212725776724469363e-07
2.212725776724469363e-07
2.212725776724469363e-07
2.212725776724469363e-07
2.212725776724469363e-07
2.212725776724469363e-07
2.212725776724469363e-07
2.212725776724469363e-07
2.212725776724469363e-07
2.212725776724469363e-07
2.212725776724469363e-07
2.212725776724469363e-07
2.212725776724469363e-07
2.211564097866785674e-07
2.211564097866785674e-07
2.192198681929285599e-07
2.192198681929285599e-07
2.192198681929285599e-07
2.192198681929285599e-07
2.192198681929285599e-07
2.192198681929285599e-07
2.192198681929285599e-07
2.189350960393579936e-07
2.189350960393579936e-07
2.189350960393579936e-07
2.158794390483058668e-07
2.158794390483058668e-07
2.158794390483058668e-07
2.158794390483058668e-07
2.158794390483058668e-07
2.158794390483058668e-07
2.158794390483058668e-07
2.158794390483058668e-07
2.127475405430624348e-07
2.119903438499165464e-07
2.119903438499165464e-07
2.119903438499165464e-07
2.119903438499165464e-07
2.119903438499165464e-07
2.119903438499165464e-07
2.119903438499165464e-07
2.105622120236112861e-07
2.092981035542941542e-07
2.092981035542941542e-07
2.092981035542941542e-07
2.092981035542941542e-07
2.092981035542941542e-07
2.092981035542941542e-07
2.092981035542941542e-07
2.092981035542941542e-07
2.092981035542941542e-07
2.092981035542941542e-07
2.092981035542941542e-07
2.092981035542941542e-07
2.092981035542941542e-07
2.092981035542941542e-07
2.092981035542941542e-07
2.092981035542941542e-07
2.092981035542941542e-07
2.092981035542941542e-07
2.092981035542941542e-07
2.092981035542941542e-07
2.092981035542941542e-07
2.092981035542941542e-07
2.092981035542941542e-07
2.092981035542941542e-07
2.092981035542941542e-07
2.092981035542941542e-07
2.092981035542941542e-07
2.092981035542941542e-07
2.092981035542941542e-07
2.091006072256348777e-07
2.091006072256348777e-07
2.091006072256348777e-07
2.091006072256348777e-07
2.091006072256348777e-07
2.091006072256348777e-07
2.091006072256348777e-07
2.091006072256348777e-07
2.091006072256348777e-07
2.091006072256348777e-07
2.091006072256348777e-07
2.091006072256348777e-07
2.091006072256348777e-07
2.091006072256348777e-07
2.091006072256348777e-07
2.091006072256348777e-07
2.091006072256348777e-07
2.091006072256348777e-07
2.091006072256348777e-07
2.091006072256348777e-07
2.091006072256348777e-07
2.091006072256348777e-07
2.091006072256348777e-07
2.091006072256348777e-07
2.091006072256348777e-07
2.091006072256348777e-07
2.091006072256348777e-07
2.091006072256348777e-07
2.091006072256348777e-07
2.091006072256348777e-07
2.091006072256348777e-07
2.091006072256348777e-07
2.091006072256348777e-07
2.091006072256348777e-07
2.091006072256348777e-07
2.091006072256348777e-07
2.091006072256348777e-07
1.921688564442435937e-07
1.920349244327928088e-07
1.920349244327928088e-07
1.920349244327928088e-07
1.920349244327928088e-07
1.920349244327928088e-07
1.920349244327928088e-07
1.920349244327928088e-07
1.920349244327928088e-07
1.920349244327928088e-07
1.920349244327928088e-07
1.920349244327928088e-07
1.920349244327928088e-07
1.818050350266275927e-07
1.814851849107357203e-07
1.814851849107357203e-07
1.814851849107357203e-07
1.814851849107357203e-07
1.814851849107357203e-07
1.814851849107357203e-07
1.814851849107357203e-07
1.814851849107357203e-07
1.814851849107357203e-07
1.814851849107357203e-07
1.814851849107357203e-07
1.814851849107357203e-07
1.814851849107357203e-07
1.794622011955510129e-07
1.794622011955510129e-07
1.794622011955510129e-07
1.794622011955510129e-07
1.794622011955510129e-07
1.794622011955510129e-07
1.794622011955510129e-07
1.794622011955510129e-07
1.794622011955510129e-07
1.794622011955510129e-07
1.794622011955510129e-07
1.794622011955510129e-07
1.794622011955510129e-07
1.794622011955510129e-07
1.794622011955510129e-07
1.794622011955510129e-07
1.794622011955510129e-07
1.794622011955510129e-07
1.794622011955510129e-07
1.794622011955510129e-07
1.794622011955510129e-07
1.794622011955510129e-07
1.794622011955510129e-07
1.794622011955510129e-07
1.794622011955510129e-07
1.794622011955510129e-07
1.794622011955510129e-07
1.792904805709030455e-07
1.792904805709030455e-07
1.792904805709030455e-07
1.792904805709030455e-07
1.743475708031373929e-07
1.738808974800585870e-07
1.738808974800585870e-07
1.738808974800585870e-07
1.738808974800585870e-07
1.738808974800585870e-07
1.738808974800585870e-07
1.738808974800585870e-07
1.738808974800585870e-07
1.738808974800585870e-07
1.738808974800585870e-07
1.738808974800585870e-07
1.738808974800585870e-07
1.738808974800585870e-07
1.738808974800585870e-07
1.738808974800585870e-07
1.738808974800585870e-07
1.738808974800585870e-07
1.738808974800585870e-07
1.738808974800585870e-07
1.738808974800585870e-07
1.738808974800585870e-07
1.738808974800585870e-07
1.738808974800585870e-07
1.738808974800585870e-07
1.738808974800585870e-07
1.738808974800585870e-07
1.738808974800585870e-07
1.738808974800585870e-07
1.738808974800585870e-07
1.738808974800585870e-07
1.738808974800585870e-07
1.738808974800585870e-07
1.738808974800585870e-07
1.738808974800585870e-07
1.738808974800585870e-07
1.738808974800585870e-07
1.738808974800585870e-07
1.738808974800585870e-07
