2.880405444508750357e+00
2.507491809038168817e+00
2.241631906508926075e+00
1.888704521289382043e+00
1.645822644572236371e+00
1.503200516639104256e+00
1.365703248095248012e+00
1.259814416992075969e+00
1.109517982205783015e+00
1.023816264208341931e+00
9.363407480102992064e-01
8.548747884359856331e-01
8.053708795568658152e-01
7.358789812944437347e-01
7.002421116576175164e-01
6.519804864954997781e-01
6.250673982190031452e-01
5.935558781761309799e-01
5.676299849740078507e-01
5.425586163712300403e-01
5.100431907837633672e-01
4.778327590945737335e-01
4.662142118179105621e-01
4.400516434601089988e-01
4.152255961475885826e-01
3.988668429351335809e-01
3.847883405639893062e-01
3.664152550859799962e-01
3.573600804915031404e-01
3.372921586666079441e-01
3.285457261735107992e-01
3.144180232493454241e-01
3.040715847434833363e-01
2.909507913246898170e-01
2.772500426531669393e-01
2.711823331641577961e-01
2.669766599546338770e-01
2.618358500373696995e-01
2.558706484275570237e-01
2.450566244034907970e-01
2.375227964646745571e-01
2.325899818199202718e-01
2.260843404782926780e-01
2.235428284081143468e-01
2.224534252586770067e-01
2.116997263734451684e-01
2.069052059456319426e-01
2.045544896672249757e-01
2.008100949328295581e-01
1.960015653303232575e-01
1.921640721806482377e-01
1.888063316837382821e-01
1.851412533661687121e-01
1.820477648167899698e-01
1.803833220145389105e-01
1.801327313724672696e-01
1.745940748054096714e-01
1.672863937004916979e-01
1.645237494376599607e-01
1.593430499456033878e-01
1.571313580642347829e-01
1.559452512934472734e-01
1.514997388384690669e-01
1.486315255037456429e-01
1.457823445824291686e-01
1.428290242386707487e-01
1.389553232321621146e-01
1.367907314962555076e-01
1.333970193072807064e-01
1.315591929468784005e-01
1.296870105989558208e-01
1.282117112173360718e-01
1.257309883314929599e-01
1.224490289473288973e-01
1.208571914134729391e-01
1.182513480993734739e-01
1.154603562984550802e-01
1.135334493244811865e-01
1.125617708961856034e-01
1.071409212884480988e-01
1.049891390960635551e-01
1.029733545841085562e-01
1.013694643406422846e-01
9.862450556767154985e-02
9.709583891831734259e-02
9.486418164254148411e-02
9.290539474461281810e-02
9.268456887204645778e-02
9.049173972573498759e-02
8.940880956866106843e-02
8.774634322468964631e-02
8.695341168658936304e-02
8.507026700572080380e-02
8.459831184879752775e-02
8.343314060145227973e-02
8.198051179041898617e-02
8.146433411572356897e-02
8.036668456838479135e-02
7.962208892181524278e-02
7.927278817520817811e-02
7.736180693639956030e-02
7.650699048562781268e-02
7.504401425695041150e-02
7.392718038333138952e-02
7.240492098451252467e-02
7.103665063594716278e-02
7.064087271320364236e-02
7.057008503999236126e-02
6.948047504843267441e-02
6.948047504843267441e-02
6.902988524806834281e-02
6.782374778772999602e-02
6.573321483671959453e-02
6.533242042632768365e-02
6.448262908148695571e-02
6.429049154896535057e-02
6.383914973467011422e-02
6.366760797992827847e-02
6.185877189629233192e-02
6.066697335132167218e-02
6.066697335132167218e-02
6.059524583863058755e-02
5.975014057854673155e-02
5.929640705594287076e-02
5.817221998237902952e-02
5.817221998237902952e-02
5.768095551486656508e-02
5.711715137923803476e-02
5.689478250816119159e-02
5.634102413463168424e-02
5.605658836205908852e-02
5.601370842577812342e-02
5.558232501107563533e-02
5.558232501107563533e-02
5.523711684204232059e-02
5.502323334897651907e-02
5.422096999068255069e-02
5.304643631619036792e-02
5.224648276182462109e-02
5.201400744283100203e-02
5.167670284938327002e-02
5.167670284938327002e-02
5.167670284938327002e-02
5.100211388883410524e-02
5.090704674139666375e-02
4.988215436737266500e-02
4.986099878942473057e-02
4.970583016026520334e-02
4.937810919622565020e-02
4.886283126676312094e-02
4.807790988195392856e-02
4.789055839972777145e-02
4.759366939097118415e-02
4.732483792772387149e-02
4.689306314707227669e-02
4.633775410000266076e-02
4.562579831277019382e-02
4.530185576423745308e-02
4.530185576423745308e-02
4.530185576423745308e-02
4.522698879236709130e-02
4.501987018233301330e-02
4.483984795414622943e-02
4.428411465436082883e-02
4.421084952406875018e-02
4.409161963191505357e-02
4.409161963191505357e-02
4.409161963191505357e-02
4.316938285918089230e-02
4.268159041113868402e-02
4.268159041113868402e-02
4.265454311187603931e-02
4.255065444857898671e-02
4.255065444857898671e-02
4.217442889534827460e-02
4.199784961205670769e-02
4.199784961205670769e-02
4.193953761529535529e-02
4.193953761529535529e-02
4.193953761529535529e-02
4.158205116156001718e-02
4.148357038799505014e-02
4.098232428128432969e-02
4.093554959917680702e-02
3.983493923832094608e-02
3.957315247803352282e-02
3.953588767587559727e-02
3.908651094912766327e-02
3.874642599367136842e-02
3.874642599367136842e-02
3.859369718276964289e-02
3.845148705379103360e-02
3.814501825448079336e-02
3.802982645534564582e-02
3.792035440295983550e-02
3.754181273820324932e-02
3.752816201397442264e-02
3.722435768035139980e-02
3.722435768035139980e-02
3.718914089628531927e-02
3.713503692788034521e-02
3.673237659681410222e-02
3.646773975581298760e-02
3.646505897906723165e-02
3.639656461662160031e-02
3.624157839685410165e-02
3.617690492723670687e-02
3.617690492723670687e-02
3.612803555244690351e-02
3.535902687724055277e-02
3.530837946547147471e-02
3.524004783525033074e-02
3.462814944284405699e-02
3.431124716066243086e-02
3.431124716066243086e-02
3.415250998205233285e-02
3.398746383259228232e-02
3.376452117693223148e-02
3.342777989067090977e-02
3.342777989067090977e-02
3.341153267275982081e-02
3.317919644839504439e-02
3.304761980098191998e-02
3.304761980098191998e-02
3.298212657430034389e-02
3.297394664682364029e-02
3.285980936533740293e-02
3.281431106583621721e-02
3.281431106583621721e-02
3.272727648587916982e-02
3.272727648587916982e-02
3.225663420218828625e-02
3.225663420218828625e-02
3.213050125897526366e-02
3.193866440568961240e-02
3.121164132913717762e-02
3.121164132913717762e-02
3.121164132913717762e-02
3.067484239861017689e-02
3.067484239861017689e-02
3.022911489485041389e-02
2.985570988493923064e-02
2.983112859418519600e-02
2.964031671181636962e-02
2.928328983458128656e-02
2.916277373431369613e-02
2.916277373431369613e-02
2.916277373431369613e-02
2.916277373431369613e-02
2.882653568923945059e-02
2.881302674704695060e-02
2.862335528390544392e-02
2.862335528390544392e-02
2.862335528390544392e-02
2.862335528390544392e-02
2.855025455861929726e-02
2.855025455861929726e-02
2.837321694909512859e-02
2.837321694909512859e-02
2.837321694909512859e-02
2.833521987606539214e-02
2.833521987606539214e-02
2.833521987606539214e-02
2.821719750503395158e-02
2.820342452942298239e-02
2.801125498787510743e-02
2.801125498787510743e-02
2.801125498787510743e-02
2.793621548354907266e-02
2.793621548354907266e-02
2.776246445633508489e-02
2.773865963209064950e-02
2.773865963209064950e-02
2.773865963209064950e-02
2.770340301283875581e-02
2.759187097333056990e-02
2.750238360176898017e-02
2.750238360176898017e-02
2.750102487922120864e-02
2.750102487922120864e-02
2.749568818494614944e-02
2.710494802085452321e-02
2.700738062506781098e-02
2.700495754380631899e-02
2.673210622866935976e-02
2.661956278895969211e-02
2.661956278895969211e-02
2.647368891074192501e-02
2.626021300643604367e-02
2.626021300643604367e-02
2.618856531171108795e-02
2.618856531171108795e-02
2.615467947507166963e-02
2.586484605022882841e-02
2.586484605022882841e-02
2.580717777917408348e-02
2.580717777917408348e-02
2.580717777917408348e-02
2.580717777917408348e-02
2.559590162171192923e-02
2.559590162171192923e-02
2.559590162171192923e-02
2.559590162171192923e-02
2.556972406148361188e-02
2.552568915544440112e-02
2.552568915544440112e-02
2.552568915544440112e-02
2.550484941808489961e-02
2.531915228444087812e-02
2.500786034457124635e-02
2.480988630418546823e-02
2.480988630418546823e-02
2.473088216398831168e-02
2.462916425056347128e-02
2.451780453728303125e-02
2.445052067392172040e-02
2.438565296075672142e-02
2.438565296075672142e-02
2.427822260900555640e-02
2.427822260900555640e-02
2.424704671338362080e-02
2.421570864155054431e-02
2.421570864155054431e-02
2.415342013709425098e-02
2.415342013709425098e-02
2.350211546156381545e-02
2.344889205761435322e-02
2.344889205761435322e-02
2.332173897673328611e-02
2.312397375378756961e-02
2.301298789390169436e-02
2.300207182904659073e-02
2.259638165989430111e-02
2.249604248738571941e-02
2.249604248738571941e-02
2.247401830348004503e-02
2.233367744816619482e-02
2.233367744816619482e-02
2.221446480378816424e-02
2.221446480378816424e-02
2.221446480378816424e-02
2.215728730592289586e-02
2.215728730592289586e-02
2.215728730592289586e-02
2.210984824633741019e-02
2.210042531830109375e-02
2.210042531830109375e-02
2.182002994164113432e-02
2.176332488163240653e-02
2.176332488163240653e-02
2.176332488163240653e-02
2.172447538100195571e-02
2.172015354048707075e-02
2.169921089071468606e-02
2.167303124730435640e-02
2.152290999959841772e-02
2.152156978939845020e-02
2.152156978939845020e-02
2.130674407156924952e-02
2.130674407156924952e-02
2.130674407156924952e-02
2.129141861402393879e-02
2.129141861402393879e-02
2.129141861402393879e-02
2.116890420917321228e-02
2.097834095414497294e-02
2.088948458699811661e-02
2.088948458699811661e-02
2.079796771617709039e-02
2.079796771617709039e-02
2.079796771617709039e-02
2.079796771617709039e-02
2.079796771617709039e-02
2.075198696386495664e-02
2.075198696386495664e-02
2.069583814758578846e-02
2.069583814758578846e-02
2.069583814758578846e-02
2.069583814758578846e-02
2.068426376374467301e-02
2.068426376374467301e-02
2.064826386843191322e-02
2.051541949107755364e-02
2.017244204967473878e-02
2.017244204967473878e-02
2.017244204967473878e-02
1.982115026342122499e-02
1.974587099179786476e-02
1.974587099179786476e-02
1.974587099179786476e-02
1.948244810726277101e-02
1.937043436405741850e-02
1.935744513126810146e-02
1.927141407606862075e-02
1.927141407606862075e-02
1.927141407606862075e-02
1.924492500197005559e-02
1.906812161305602993e-02
1.897098741958906654e-02
1.897098741958906654e-02
1.894123255451230642e-02
1.894123255451230642e-02
1.874746650638621157e-02
1.874746650638621157e-02
1.874746650638621157e-02
1.874746650638621157e-02
1.874746650638621157e-02
1.874746650638621157e-02
1.874746650638621157e-02
1.859287763439695929e-02
1.858428133020567641e-02
1.856009297987428960e-02
1.856009297987428960e-02
1.846337019207576133e-02
1.846337019207576133e-02
1.842457281305747221e-02
1.842457281305747221e-02
1.842457281305747221e-02
1.821928762058178108e-02
1.821928762058178108e-02
1.821928762058178108e-02
1.782403254201555751e-02
1.782403254201555751e-02
1.782403254201555751e-02
1.765869640745249339e-02
1.765869640745249339e-02
1.756019870022635862e-02
1.756019870022635862e-02
1.731548207996692207e-02
1.727549447952126185e-02
1.727549447952126185e-02
1.716198262707113037e-02
1.716198262707113037e-02
1.716198262707113037e-02
1.716198262707113037e-02
1.716198262707113037e-02
1.713057381770938248e-02
1.708841026566808308e-02
1.708478384403754047e-02
1.708478384403754047e-02
1.708478384403754047e-02
1.708478384403754047e-02
1.708478384403754047e-02
1.706339267059543349e-02
1.698121444875970790e-02
1.698121444875970790e-02
1.698121444875970790e-02
1.690056932008309268e-02
1.690056932008309268e-02
1.690056932008309268e-02
1.690056932008309268e-02
1.690056932008309268e-02
1.690056932008309268e-02
1.689648836254134881e-02
1.689648836254134881e-02
1.689648836254134881e-02
1.689648836254134881e-02
1.689648836254134881e-02
1.689648836254134881e-02
1.689648836254134881e-02
1.689648836254134881e-02
1.689648836254134881e-02
1.680550507111832834e-02
1.680550507111832834e-02
1.679218847471465950e-02
1.654826266091651357e-02
1.651106293922129792e-02
1.651106293922129792e-02
1.651106293922129792e-02
1.651106293922129792e-02
1.633236299950095033e-02
1.633236299950095033e-02
1.624761509407223956e-02
1.624761509407223956e-02
1.618760297296429479e-02
1.618760297296429479e-02
1.618760297296429479e-02
1.613051808530652914e-02
1.613051808530652914e-02
1.609636813014401341e-02
1.609636813014401341e-02
1.606631907697076214e-02
1.606631907697076214e-02
1.606631907697076214e-02
1.606631907697076214e-02
1.601481100464538510e-02
1.601481100464538510e-02
1.601481100464538510e-02
1.601481100464538510e-02
1.599173887702327879e-02
1.582852791511645332e-02
1.574572351153298924e-02
1.572967172615549747e-02
1.572967172615549747e-02
1.555646833016417763e-02
1.555646833016417763e-02
1.555646833016417763e-02
1.550620602458642645e-02
1.550620602458642645e-02
1.546520214375790396e-02
1.546520214375790396e-02
1.546520214375790396e-02
1.533225718736618871e-02
1.457865460185182871e-02
1.457664390376717765e-02
1.457664390376717765e-02
1.457664390376717765e-02
1.457664390376717765e-02
1.457664390376717765e-02
1.446715362550878882e-02
1.440135416712609237e-02
1.440135416712609237e-02
1.440135416712609237e-02
1.440135416712609237e-02
1.438466446432705437e-02
1.438466446432705437e-02
1.438466446432705437e-02
1.433619855043509472e-02
1.432605278948055096e-02
1.431128254399018432e-02
1.431128254399018432e-02
1.431128254399018432e-02
1.431128254399018432e-02
1.431128254399018432e-02
1.394388071098903378e-02
1.391712034051258325e-02
1.386570423424062989e-02
1.386570423424062989e-02
1.386470984700468624e-02
1.386470984700468624e-02
1.386470984700468624e-02
1.386470984700468624e-02
1.386470984700468624e-02
1.386470984700468624e-02
1.386470984700468624e-02
1.386470984700468624e-02
1.386470984700468624e-02
1.386470984700468624e-02
1.386470984700468624e-02
1.386470984700468624e-02
1.370259256918425136e-02
1.370259256918425136e-02
1.370259256918425136e-02
1.370259256918425136e-02
1.361020042726050067e-02
1.356696171352964227e-02
1.354209940611959644e-02
1.354209940611959644e-02
1.354209940611959644e-02
1.354209940611959644e-02
1.354209940611959644e-02
1.354209940611959644e-02
1.354209940611959644e-02
1.354209940611959644e-02
1.354209940611959644e-02
1.349644343768244791e-02
1.349644343768244791e-02
1.349644343768244791e-02
1.338993531120043733e-02
1.338993531120043733e-02
1.333950197949755438e-02
1.333950197949755438e-02
1.333950197949755438e-02
1.333950197949755438e-02
1.330024862084999183e-02
1.330024862084999183e-02
1.330024862084999183e-02
1.330024862084999183e-02
1.330024862084999183e-02
1.321998836286353458e-02
1.321998836286353458e-02
1.321998836286353458e-02
1.319235496143891448e-02
1.318398033475775590e-02
1.318398033475775590e-02
1.318398033475775590e-02
1.318398033475775590e-02
1.318398033475775590e-02
1.318398033475775590e-02
1.318398033475775590e-02
1.318398033475775590e-02
1.318398033475775590e-02
1.318398033475775590e-02
1.318398033475775590e-02
1.318398033475775590e-02
1.318398033475775590e-02
1.318398033475775590e-02
1.318398033475775590e-02
1.303776702551587285e-02
1.301250861235182799e-02
1.301250861235182799e-02
1.301250861235182799e-02
1.301250861235182799e-02
1.301250861235182799e-02
1.292684321191138463e-02
1.286559511651839613e-02
1.286559511651839613e-02
1.286559511651839613e-02
1.267782706184682195e-02
1.267782706184682195e-02
1.267782706184682195e-02
1.267053219993274395e-02
1.267053219993274395e-02
1.224001854125296614e-02
1.175585871729423366e-02
1.175585871729423366e-02
1.175585871729423366e-02
1.175585871729423366e-02
1.175585871729423366e-02
1.169729778611299995e-02
1.169729778611299995e-02
1.156448192869126597e-02
1.150502765732002754e-02
1.150502765732002754e-02
1.147473281540379794e-02
1.147473281540379794e-02
1.147473281540379794e-02
1.147473281540379794e-02
1.147473281540379794e-02
1.125896314225678478e-02
1.125896314225678478e-02
1.125896314225678478e-02
1.122862322144074429e-02
1.117924523463907291e-02
1.117924523463907291e-02
1.117924523463907291e-02
1.117924523463907291e-02
1.111883678896340155e-02
1.074947357184618049e-02
1.060093111758243431e-02
1.060093111758243431e-02
1.060093111758243431e-02
1.060093111758243431e-02
1.058496267601898889e-02
1.058496267601898889e-02
1.058496267601898889e-02
1.058496267601898889e-02
1.058496267601898889e-02
1.058496267601898889e-02
1.058496267601898889e-02
1.058496267601898889e-02
1.058496267601898889e-02
1.058496267601898889e-02
1.058496267601898889e-02
1.058496267601898889e-02
1.058496267601898889e-02
1.058496267601898889e-02
1.058168324291228549e-02
1.058168324291228549e-02
1.058168324291228549e-02
1.058168324291228549e-02
1.058168324291228549e-02
1.058168324291228549e-02
1.058168324291228549e-02
1.058168324291228549e-02
1.052048117141308158e-02
1.052048117141308158e-02
1.052048117141308158e-02
1.052048117141308158e-02
1.052048117141308158e-02
1.052048117141308158e-02
1.052048117141308158e-02
1.047535093613862801e-02
1.047535093613862801e-02
1.047535093613862801e-02
1.047535093613862801e-02
1.047535093613862801e-02
1.047535093613862801e-02
1.047535093613862801e-02
1.047535093613862801e-02
1.047535093613862801e-02
1.047535093613862801e-02
1.043044010104191878e-02
1.043044010104191878e-02
1.036362186742093537e-02
1.036362186742093537e-02
1.036362186742093537e-02
1.036362186742093537e-02
1.024836136146931032e-02
1.024836136146931032e-02
1.024836136146931032e-02
1.024836136146931032e-02
1.024836136146931032e-02
1.018857714725482713e-02
1.018857714725482713e-02
1.018857714725482713e-02
1.018857714725482713e-02
1.018857714725482713e-02
1.010443394050873633e-02
1.006778999512522067e-02
1.003251201915217675e-02
1.003251201915217675e-02
1.003251201915217675e-02
1.003251201915217675e-02
9.962875350924167706e-03
9.962875350924167706e-03
9.962875350924167706e-03
9.962875350924167706e-03
9.962875350924167706e-03
9.962875350924167706e-03
9.962875350924167706e-03
9.962875350924167706e-03
9.962875350924167706e-03
9.962875350924167706e-03
9.962875350924167706e-03
9.962875350924167706e-03
9.962875350924167706e-03
9.962875350924167706e-03
9.962875350924167706e-03
9.962875350924167706e-03
9.962875350924167706e-03
9.949639015419462287e-03
9.949639015419462287e-03
9.949639015419462287e-03
9.949639015419462287e-03
9.949639015419462287e-03
9.949639015419462287e-03
9.949639015419462287e-03
9.949639015419462287e-03
9.916818398613603050e-03
9.916818398613603050e-03
9.916818398613603050e-03
9.916818398613603050e-03
9.916818398613603050e-03
9.916818398613603050e-03
9.916818398613603050e-03
9.916818398613603050e-03
9.916818398613603050e-03
9.916818398613603050e-03
9.828399280380319472e-03
9.828399280380319472e-03
9.828399280380319472e-03
9.828399280380319472e-03
9.828399280380319472e-03
9.828399280380319472e-03
9.828399280380319472e-03
9.828399280380319472e-03
9.828399280380319472e-03
9.828399280380319472e-03
9.828399280380319472e-03
9.821096499235060923e-03
9.821096499235060923e-03
9.821096499235060923e-03
9.821096499235060923e-03
9.766638814163147719e-03
9.766638814163147719e-03
9.753396439722849393e-03
9.753396439722849393e-03
9.604235488190365766e-03
9.604235488190365766e-03
9.604235488190365766e-03
9.604235488190365766e-03
9.604235488190365766e-03
9.604235488190365766e-03
9.604235488190365766e-03
9.604235488190365766e-03
9.604235488190365766e-03
9.604235488190365766e-03
9.604235488190365766e-03
9.557165193253988611e-03
9.557165193253988611e-03
9.557165193253988611e-03
9.557165193253988611e-03
9.557165193253988611e-03
9.557165193253988611e-03
9.557165193253988611e-03
9.557165193253988611e-03
9.557165193253988611e-03
9.557165193253988611e-03
9.557165193253988611e-03
9.557165193253988611e-03
9.557165193253988611e-03
9.557165193253988611e-03
9.557165193253988611e-03
9.557165193253988611e-03
9.557165193253988611e-03
9.528668350707021270e-03
9.502380895467057650e-03
9.502380895467057650e-03
9.502380895467057650e-03
9.502380895467057650e-03
9.502380895467057650e-03
9.502380895467057650e-03
9.502380895467057650e-03
9.502380895467057650e-03
9.502380895467057650e-03
9.502380895467057650e-03
9.502380895467057650e-03
9.502380895467057650e-03
9.502380895467057650e-03
9.502380895467057650e-03
9.502380895467057650e-03
9.482675541890143306e-03
9.471666058884158079e-03
9.385947820267878314e-03
9.385947820267878314e-03
9.385947820267878314e-03
9.358637951342696840e-03
9.358637951342696840e-03
9.281384156342848551e-03
9.281384156342848551e-03
9.281384156342848551e-03
9.281384156342848551e-03
9.281384156342848551e-03
9.281384156342848551e-03
9.220404289359138833e-03
9.220404289359138833e-03
9.220404289359138833e-03
9.128243333725995917e-03
9.128243333725995917e-03
9.113476015132244978e-03
9.036792946972127538e-03
9.021012451686308276e-03
9.021012451686308276e-03
9.021012451686308276e-03
9.021012451686308276e-03
9.021012451686308276e-03
9.021012451686308276e-03
9.021012451686308276e-03
9.012926398316035634e-03
9.012926398316035634e-03
9.012926398316035634e-03
9.012926398316035634e-03
9.012926398316035634e-03
9.012926398316035634e-03
8.976518601212221671e-03
8.976518601212221671e-03
8.956285098917099799e-03
8.956285098917099799e-03
8.956285098917099799e-03
8.956285098917099799e-03
8.956285098917099799e-03
8.956285098917099799e-03
8.956285098917099799e-03
8.951011942164821891e-03
8.951011942164821891e-03
8.951011942164821891e-03
8.951011942164821891e-03
8.951011942164821891e-03
8.951011942164821891e-03
8.951011942164821891e-03
8.951011942164821891e-03
8.951011942164821891e-03
8.951011942164821891e-03
8.951011942164821891e-03
8.951011942164821891e-03
8.878314096214839912e-03
8.805305915900009731e-03
8.805305915900009731e-03
8.771158441832353075e-03
8.771158441832353075e-03
8.653465622423223147e-03
8.653465622423223147e-03
8.653465622423223147e-03
8.653465622423223147e-03
8.653465622423223147e-03
8.653465622423223147e-03
8.653465622423223147e-03
8.653465622423223147e-03
8.653465622423223147e-03
8.653465622423223147e-03
8.653465622423223147e-03
8.653465622423223147e-03
8.653465622423223147e-03
8.653465622423223147e-03
8.653465622423223147e-03
8.653465622423223147e-03
8.653465622423223147e-03
8.653465622423223147e-03
8.653465622423223147e-03
8.653465622423223147e-03
8.653465622423223147e-03
8.653465622423223147e-03
8.653465622423223147e-03
8.653465622423223147e-03
8.653465622423223147e-03
8.630690064066191478e-03
8.630690064066191478e-03
8.630690064066191478e-03
8.630690064066191478e-03
8.630690064066191478e-03
8.630690064066191478e-03
8.630690064066191478e-03
8.630690064066191478e-03
8.630690064066191478e-03
8.630690064066191478e-03
8.630690064066191478e-03
8.595860232701977785e-03
8.595860232701977785e-03
8.595860232701977785e-03
8.595860232701977785e-03
8.595860232701977785e-03
8.595860232701977785e-03
8.595860232701977785e-03
8.595860232701977785e-03
8.595860232701977785e-03
8.595860232701977785e-03
8.595860232701977785e-03
8.595860232701977785e-03
8.595860232701977785e-03
8.595860232701977785e-03
8.595860232701977785e-03
8.595860232701977785e-03
8.585404406492707155e-03
8.585404406492707155e-03
8.585404406492707155e-03
8.585404406492707155e-03
8.585404406492707155e-03
8.532442394864886773e-03
8.532442394864886773e-03
8.532442394864886773e-03
8.532442394864886773e-03
8.532442394864886773e-03
8.532442394864886773e-03
8.532442394864886773e-03
8.479009894059861760e-03
8.479009894059861760e-03
8.479009894059861760e-03
8.479009894059861760e-03
8.479009894059861760e-03
8.479009894059861760e-03
8.479009894059861760e-03
8.479009894059861760e-03
8.479009894059861760e-03
8.479009894059861760e-03
8.479009894059861760e-03
8.479009894059861760e-03
8.479009894059861760e-03
8.479009894059861760e-03
8.391019278896433287e-03
8.391019278896433287e-03
8.391019278896433287e-03
8.391019278896433287e-03
8.391019278896433287e-03
8.391019278896433287e-03
8.337170371171797809e-03
8.337170371171797809e-03
8.337170371171797809e-03
8.337170371171797809e-03
8.337170371171797809e-03
8.337170371171797809e-03
8.337170371171797809e-03
8.323174063207261497e-03
8.323174063207261497e-03
8.323174063207261497e-03
8.323174063207261497e-03
8.214066707918230015e-03
8.214066707918230015e-03
8.214066707918230015e-03
8.214066707918230015e-03
8.214066707918230015e-03
8.214066707918230015e-03
8.214066707918230015e-03
8.201614447356779525e-03
8.201614447356779525e-03
8.116358874689484637e-03
8.116358874689484637e-03
8.116358874689484637e-03
8.116358874689484637e-03
8.116358874689484637e-03
8.116358874689484637e-03
8.116358874689484637e-03
8.067821272271768693e-03
8.067821272271768693e-03
8.067821272271768693e-03
8.067821272271768693e-03
8.067821272271768693e-03
8.067821272271768693e-03
8.067821272271768693e-03
8.067821272271768693e-03
8.067821272271768693e-03
8.067821272271768693e-03
8.067821272271768693e-03
8.067821272271768693e-03
8.067821272271768693e-03
8.067821272271768693e-03
8.067821272271768693e-03
8.067821272271768693e-03
8.067821272271768693e-03
8.051161178045999206e-03
8.051161178045999206e-03
8.051161178045999206e-03
8.051161178045999206e-03
8.051161178045999206e-03
8.051161178045999206e-03
8.051161178045999206e-03
8.051161178045999206e-03
8.051161178045999206e-03
8.051161178045999206e-03
8.051161178045999206e-03
8.051161178045999206e-03
8.051161178045999206e-03
8.051161178045999206e-03
8.051161178045999206e-03
8.003232794802736527e-03
8.001735707123361005e-03
8.001735707123361005e-03
8.001735707123361005e-03
8.001735707123361005e-03
8.001735707123361005e-03
