5.003121501477148653e-02
4.218624391707376936e-02
3.386304050408014965e-02
2.710252767088586895e-02
1.969799043417522558e-02
1.602638146701730257e-02
1.288064600458157724e-02
9.271374052109333103e-03
7.672906000304162248e-03
5.840839855304515160e-03
4.626083289711495697e-03
3.680965157676766193e-03
2.566937328210502217e-03
2.206370446666975575e-03
1.497644962830022106e-03
1.111641222961474822e-03
7.705124179281876064e-04
4.010298515996670444e-04
2.594170639841810312e-04
1.944426947789800006e-04
1.710230711126974285e-04
1.264138256985069067e-04
1.023220166737647728e-04
7.996101569416150820e-05
3.536577917336270290e-05
1.545289625723586074e-05
8.484829663757409435e-06
6.128819653021505865e-06
5.088171118426116328e-06
4.802134004849529412e-06
4.734905962108955967e-06
4.560598072470491017e-06
4.470020171003638839e-06
4.025332408869586953e-06
3.733295991825049340e-06
3.440141977436866577e-06
3.274899317968412068e-06
3.203729288900064270e-06
3.203729288900064270e-06
3.081495550509762436e-06
3.081495550509762436e-06
3.081495550509762436e-06
3.081495550509762436e-06
2.969223619045663659e-06
2.799089532113701205e-06
2.799089532113701205e-06
2.651879270285694418e-06
2.638693028226649868e-06
2.401191527407682732e-06
2.393070511008023812e-06
2.393070511008023812e-06
2.200407515838200068e-06
2.184174352841378910e-06
2.177202516434715422e-06
2.132643136492868895e-06
1.950701545740907988e-06
1.950701545740907988e-06
1.896437407042100738e-06
1.826054024016176485e-06
1.764444032589523765e-06
1.680879721806930273e-06
1.664854623556368691e-06
1.659675410123514472e-06
1.659675410123514472e-06
1.463502142131819274e-06
1.396595251332887472e-06
1.359292027433077608e-06
1.237286864232052713e-06
1.233836178917223281e-06
1.157020523903923397e-06
1.157020523903923397e-06
1.157020523903923397e-06
1.157020523903923397e-06
1.129107324552879803e-06
1.122087287156176110e-06
1.122087287156176110e-06
1.078594811374119478e-06
1.071414245933399315e-06
1.058414786890424072e-06
1.057365234462885633e-06
1.057365234462885633e-06
1.011606728110671240e-06
1.006423087578606945e-06
1.006423087578606945e-06
9.769810031131925493e-07
9.757098861847028431e-07
9.698990086190843351e-07
9.027931903748300031e-07
8.764670191536139765e-07
8.764670191536139765e-07
8.764670191536139765e-07
8.764670191536139765e-07
8.167355020964796818e-07
8.167355020964796818e-07
7.922613362739759343e-07
7.922613362739759343e-07
7.922613362739759343e-07
7.922613362739759343e-07
7.906694552765853281e-07
7.664959577025501298e-07
7.577580252508792604e-07
6.603466598629464836e-07
6.589748097087744641e-07
6.041147379815526375e-07
6.013350569036464811e-07
5.914068700732576575e-07
5.904701908423471283e-07
5.904701908423471283e-07
5.904701908423471283e-07
5.904701908423471283e-07
5.833775967224866402e-07
5.833775967224866402e-07
5.833775967224866402e-07
5.658882521268370484e-07
5.658882521268370484e-07
5.658882521268370484e-07
5.495946389404992505e-07
5.495946389404992505e-07
5.495946389404992505e-07
5.493742046204644505e-07
5.493742046204644505e-07
5.493742046204644505e-07
5.257140432435085411e-07
5.234342877741380422e-07
5.234342877741380422e-07
5.045060133317533699e-07
5.045060133317533699e-07
5.045060133317533699e-07
5.009422207591591989e-07
5.009422207591591989e-07
4.988756949851270860e-07
4.958350335108858111e-07
4.958350335108858111e-07
4.958350335108858111e-07
4.849776172811877578e-07
4.829170901597107270e-07
4.519952466687434017e-07
4.519952466687434017e-07
4.478640965887690252e-07
4.478640965887690252e-07
4.478640965887690252e-07
4.478640965887690252e-07
4.447850223382998728e-07
4.447850223382998728e-07
4.447850223382998728e-07
4.447850223382998728e-07
4.447850223382998728e-07
4.447850223382998728e-07
4.216046996660617266e-07
4.216046996660617266e-07
4.186954936135318178e-07
4.174042050733845249e-07
4.174042050733845249e-07
4.165388253229549443e-07
4.165388253229549443e-07
4.165388253229549443e-07
4.165388253229549443e-07
4.165388253229549443e-07
4.165388253229549443e-07
4.165388253229549443e-07
4.165388253229549443e-07
4.089155410446098997e-07
4.089155410446098997e-07
4.089155410446098997e-07
4.025957276312778031e-07
4.025957276312778031e-07
4.025957276312778031e-07
4.010620342324175152e-07
4.004667075338040853e-07
3.880354575349152395e-07
3.880354575349152395e-07
3.759451565915072798e-07
3.759451565915072798e-07
3.759451565915072798e-07
3.759451565915072798e-07
3.733944831586924631e-07
3.733944831586924631e-07
3.725594511064734866e-07
3.725594511064734866e-07
3.725594511064734866e-07
3.725594511064734866e-07
3.725594511064734866e-07
3.725594511064734866e-07
3.674331288030039826e-07
3.674331288030039826e-07
3.674331288030039826e-07
3.674331288030039826e-07
3.641642666373039001e-07
3.635335186867022926e-07
3.534074744047579049e-07
3.534074744047579049e-07
3.534074744047579049e-07
3.323307215824195702e-07
3.323307215824195702e-07
3.323307215824195702e-07
3.323307215824195702e-07
3.323307215824195702e-07
3.263047373740632307e-07
3.263047373740632307e-07
3.263047373740632307e-07
3.240041526926991664e-07
3.240041526926991664e-07
3.240041526926991664e-07
3.240041526926991664e-07
3.160846272650957539e-07
3.160846272650957539e-07
3.160846272650957539e-07
3.070009619941451280e-07
3.061544208214721047e-07
3.017516104698776863e-07
3.017516104698776863e-07
3.017516104698776863e-07
2.976041875680333301e-07
2.976041875680333301e-07
2.976041875680333301e-07
2.976041875680333301e-07
2.976041875680333301e-07
2.976041875680333301e-07
2.976041875680333301e-07
2.976041875680333301e-07
2.976041875680333301e-07
2.976041875680333301e-07
2.976041875680333301e-07
2.976041875680333301e-07
2.976041875680333301e-07
2.976041875680333301e-07
2.976041875680333301e-07
2.976041875680333301e-07
2.976041875680333301e-07
2.956092711268438065e-07
2.956092711268438065e-07
2.833166677994407118e-07
2.821164334996936593e-07
2.821164334996936593e-07
2.821164334996936593e-07
2.814880105563811574e-07
2.814880105563811574e-07
2.803837123435954132e-07
2.793383752456672356e-07
2.793383752456672356e-07
2.793383752456672356e-07
2.793383752456672356e-07
2.793383752456672356e-07
2.793383752456672356e-07
2.793383752456672356e-07
2.793383752456672356e-07
2.793383752456672356e-07
2.793383752456672356e-07
2.793383752456672356e-07
2.793383752456672356e-07
2.793383752456672356e-07
2.793383752456672356e-07
2.793383752456672356e-07
2.793383752456672356e-07
2.793383752456672356e-07
2.793383752456672356e-07
2.747214747454135717e-07
2.740022115604540851e-07
2.740022115604540851e-07
2.740022115604540851e-07
2.740022115604540851e-07
2.740022115604540851e-07
2.740022115604540851e-07
2.706307303050576287e-07
2.706307303050576287e-07
2.584934878434390166e-07
2.584934878434390166e-07
2.584934878434390166e-07
2.584934878434390166e-07
2.584934878434390166e-07
2.584934878434390166e-07
2.584934878434390166e-07
2.564660012378190769e-07
2.564660012378190769e-07
2.532055741896471440e-07
2.532055741896471440e-07
2.532055741896471440e-07
2.532055741896471440e-07
2.532055741896471440e-07
2.532055741896471440e-07
2.516309691332828628e-07
2.516309691332828628e-07
2.516309691332828628e-07
2.516309691332828628e-07
2.502662611875041561e-07
2.502662611875041561e-07
2.502662611875041561e-07
2.370224846719579325e-07
2.366369726052439325e-07
2.366369726052439325e-07
2.366369726052439325e-07
2.366369726052439325e-07
2.366369726052439325e-07
2.366369726052439325e-07
2.366369726052439325e-07
2.366369726052439325e-07
2.366369726052439325e-07
2.366369726052439325e-07
2.366369726052439325e-07
2.366369726052439325e-07
2.366369726052439325e-07
2.365542821494540459e-07
2.365542821494540459e-07
2.365542821494540459e-07
2.353524852129767610e-07
2.353524852129767610e-07
2.353524852129767610e-07
2.345875511274047618e-07
2.345875511274047618e-07
2.263120744400486499e-07
2.263120744400486499e-07
2.263120744400486499e-07
2.263120744400486499e-07
2.263120744400486499e-07
2.241037209922283403e-07
2.241037209922283403e-07
2.241037209922283403e-07
2.241037209922283403e-07
2.193047365318645997e-07
2.193047365318645997e-07
2.193047365318645997e-07
2.193047365318645997e-07
2.193047365318645997e-07
2.193047365318645997e-07
2.193047365318645997e-07
2.193047365318645997e-07
2.193047365318645997e-07
2.193047365318645997e-07
2.193047365318645997e-07
2.093864783519700952e-07
2.075321702375053812e-07
2.075321702375053812e-07
2.075321702375053812e-07
2.075321702375053812e-07
2.017785640882542717e-07
2.016754523555944462e-07
2.016754523555944462e-07
2.016754523555944462e-07
2.016754523555944462e-07
2.016754523555944462e-07
2.016754523555944462e-07
2.016754523555944462e-07
2.016754523555944462e-07
2.016754523555944462e-07
2.016754523555944462e-07
2.016754523555944462e-07
2.016754523555944462e-07
2.016754523555944462e-07
2.016754523555944462e-07
2.016754523555944462e-07
2.016754523555944462e-07
1.942794436699306741e-07
1.921643936785746068e-07
1.921643936785746068e-07
1.921643936785746068e-07
1.921643936785746068e-07
1.921643936785746068e-07
1.903773502764285245e-07
1.898121795688091667e-07
1.804250551489816508e-07
1.797058989633988714e-07
1.797058989633988714e-07
1.797058989633988714e-07
1.797058989633988714e-07
1.797058989633988714e-07
1.797058989633988714e-07
1.797058989633988714e-07
1.797058989633988714e-07
1.797058989633988714e-07
1.797058989633988714e-07
1.797058989633988714e-07
1.797058989633988714e-07
1.778150148953393212e-07
1.778150148953393212e-07
1.778150148953393212e-07
1.554902391766446892e-07
1.554902391766446892e-07
1.554902391766446892e-07
1.554902391766446892e-07
1.554902391766446892e-07
1.554902391766446892e-07
1.554902391766446892e-07
1.554902391766446892e-07
1.554902391766446892e-07
1.554902391766446892e-07
1.554902391766446892e-07
1.554902391766446892e-07
1.554902391766446892e-07
1.554902391766446892e-07
1.554902391766446892e-07
1.554902391766446892e-07
1.554902391766446892e-07
1.544554638088562204e-07
1.544554638088562204e-07
1.544554638088562204e-07
1.544554638088562204e-07
1.544554638088562204e-07
1.544554638088562204e-07
1.544554638088562204e-07
1.544554638088562204e-07
1.544554638088562204e-07
1.544554638088562204e-07
1.544554638088562204e-07
1.544554638088562204e-07
1.544554638088562204e-07
1.544554638088562204e-07
1.541805913267821559e-07
1.523158039608639305e-07
1.523158039608639305e-07
1.523158039608639305e-07
1.523158039608639305e-07
1.523158039608639305e-07
1.523158039608639305e-07
1.516360280042064626e-07
1.516360280042064626e-07
1.516360280042064626e-07
1.516360280042064626e-07
1.516360280042064626e-07
1.516360280042064626e-07
1.471552819816233691e-07
1.471552819816233691e-07
1.471552819816233691e-07
1.471552819816233691e-07
1.471552819816233691e-07
1.471552819816233691e-07
1.471552819816233691e-07
1.471552819816233691e-07
1.471552819816233691e-07
1.471552819816233691e-07
1.471552819816233691e-07
1.471552819816233691e-07
1.471552819816233691e-07
1.471552819816233691e-07
1.471552819816233691e-07
1.471552819816233691e-07
1.471552819816233691e-07
1.471552819816233691e-07
1.448957984358261762e-07
1.435914403676482316e-07
1.435914403676482316e-07
1.410723562716442621e-07
1.410723562716442621e-07
1.410723562716442621e-07
1.410723562716442621e-07
1.410723562716442621e-07
1.410723562716442621e-07
1.410723562716442621e-07
1.382878267844824010e-07
1.382878267844824010e-07
1.382878267844824010e-07
1.382878267844824010e-07
1.382878267844824010e-07
1.382878267844824010e-07
1.364615993189349262e-07
1.349195198439274022e-07
1.349195198439274022e-07
1.349195198439274022e-07
1.349195198439274022e-07
1.349195198439274022e-07
1.349195198439274022e-07
1.349195198439274022e-07
1.344623159656846685e-07
1.344623159656846685e-07
1.331063841979473556e-07
1.331063841979473556e-07
1.331063841979473556e-07
1.331063841979473556e-07
1.331063841979473556e-07
1.331063841979473556e-07
1.331063841979473556e-07
1.331063841979473556e-07
1.331063841979473556e-07
1.331063841979473556e-07
1.331063841979473556e-07
1.331063841979473556e-07
1.331063841979473556e-07
1.331063841979473556e-07
1.331063841979473556e-07
1.331063841979473556e-07
1.331063841979473556e-07
1.331063841979473556e-07
1.331063841979473556e-07
1.331063841979473556e-07
1.331063841979473556e-07
1.331063841979473556e-07
1.331063841979473556e-07
1.331063841979473556e-07
1.331063841979473556e-07
1.331063841979473556e-07
1.281650682750635123e-07
1.168862907291565717e-07
1.168862907291565717e-07
1.168862907291565717e-07
1.146674892380342881e-07
1.144409737867581689e-07
1.144409737867581689e-07
1.144409737867581689e-07
1.144409737867581689e-07
1.144409737867581689e-07
1.144409737867581689e-07
1.144409737867581689e-07
1.077659313594659877e-07
1.075310097696595230e-07
1.075310097696595230e-07
1.075310097696595230e-07
1.075310097696595230e-07
1.075310097696595230e-07
1.075310097696595230e-07
1.075310097696595230e-07
1.075310097696595230e-07
1.075310097696595230e-07
1.075310097696595230e-07
1.075310097696595230e-07
1.075310097696595230e-07
1.075310097696595230e-07
1.037147633135592620e-07
1.037147633135592620e-07
1.037147633135592620e-07
1.037147633135592620e-07
1.037147633135592620e-07
1.037147633135592620e-07
1.037147633135592620e-07
1.037147633135592620e-07
1.037147633135592620e-07
1.037147633135592620e-07
1.037147633135592620e-07
1.037147633135592620e-07
1.037147633135592620e-07
1.037147633135592620e-07
1.037147633135592620e-07
1.037147633135592620e-07
1.037147633135592620e-07
1.037147633135592620e-07
1.037147633135592620e-07
1.037147633135592620e-07
1.037147633135592620e-07
1.037147633135592620e-07
1.037147633135592620e-07
1.037147633135592620e-07
1.037147633135592620e-07
1.037147633135592620e-07
1.037147633135592620e-07
1.037147633135592620e-07
1.037147633135592620e-07
1.037147633135592620e-07
1.037147633135592620e-07
1.037147633135592620e-07
1.020952341230654604e-07
1.020952341230654604e-07
1.009119436204463157e-07
1.009119436204463157e-07
1.009119436204463157e-07
9.976098253366003563e-08
9.894306592340238955e-08
9.894306592340238955e-08
9.751755781097944763e-08
9.571369767346528728e-08
9.571369767346528728e-08
9.571369767346528728e-08
9.571369767346528728e-08
9.571369767346528728e-08
9.571369767346528728e-08
9.571369767346528728e-08
9.571369767346528728e-08
9.571369767346528728e-08
9.571369767346528728e-08
9.571369767346528728e-08
9.571369767346528728e-08
9.571369767346528728e-08
9.571369767346528728e-08
9.571369767346528728e-08
9.571369767346528728e-08
9.571369767346528728e-08
9.571369767346528728e-08
9.571369767346528728e-08
9.571369767346528728e-08
9.571369767346528728e-08
9.571369767346528728e-08
9.571369767346528728e-08
9.571369767346528728e-08
9.571369767346528728e-08
9.571369767346528728e-08
9.571369767346528728e-08
9.571369767346528728e-08
9.199012382333759894e-08
9.141984835378916997e-08
9.141984835378916997e-08
9.141984835378916997e-08
9.141984835378916997e-08
9.132312983388591859e-08
9.132312983388591859e-08
9.132312983388591859e-08
9.132312983388591859e-08
9.132312983388591859e-08
8.525026429446834770e-08
8.471499322516976174e-08
8.070978809900778664e-08
7.892254184387674430e-08
7.892254184387674430e-08
7.892254184387674430e-08
7.892254184387674430e-08
7.892254184387674430e-08
7.892254184387674430e-08
7.892254184387674430e-08
7.892254184387674430e-08
7.892254184387674430e-08
7.892254184387674430e-08
7.690787733022886397e-08
7.540989051502787139e-08
7.540989051502787139e-08
7.540989051502787139e-08
7.527002449647874628e-08
7.527002449647874628e-08
7.527002449647874628e-08
7.527002449647874628e-08
7.527002449647874628e-08
7.527002449647874628e-08
7.527002449647874628e-08
7.527002449647874628e-08
7.527002449647874628e-08
7.527002449647874628e-08
7.527002449647874628e-08
7.527002449647874628e-08
7.527002449647874628e-08
7.527002449647874628e-08
7.527002449647874628e-08
7.527002449647874628e-08
7.527002449647874628e-08
7.527002449647874628e-08
7.527002449647874628e-08
7.527002449647874628e-08
7.527002449647874628e-08
7.527002449647874628e-08
7.527002449647874628e-08
7.527002449647874628e-08
7.527002449647874628e-08
7.527002449647874628e-08
7.527002449647874628e-08
7.527002449647874628e-08
7.527002449647874628e-08
7.527002449647874628e-08
7.527002449647874628e-08
7.527002449647874628e-08
7.527002449647874628e-08
7.527002449647874628e-08
7.527002449647874628e-08
7.527002449647874628e-08
7.527002449647874628e-08
7.527002449647874628e-08
7.527002449647874628e-08
7.527002449647874628e-08
7.527002449647874628e-08
7.499130449515160236e-08
7.499130449515160236e-08
7.499130449515160236e-08
7.499130449515160236e-08
7.499130449515160236e-08
7.499130449515160236e-08
7.499130449515160236e-08
7.499130449515160236e-08
7.499130449515160236e-08
7.499130449515160236e-08
7.499130449515160236e-08
7.499130449515160236e-08
7.499130449515160236e-08
7.499130449515160236e-08
7.499130449515160236e-08
7.499130449515160236e-08
7.499130449515160236e-08
7.499130449515160236e-08
7.499130449515160236e-08
7.499130449515160236e-08
7.499130449515160236e-08
7.499130449515160236e-08
7.499130449515160236e-08
7.499130449515160236e-08
7.499130449515160236e-08
7.499130449515160236e-08
7.499130449515160236e-08
7.499130449515160236e-08
7.499130449515160236e-08
7.499130449515160236e-08
7.499130449515160236e-08
7.499130449515160236e-08
7.499130449515160236e-08
7.499130449515160236e-08
7.499130449515160236e-08
7.499130449515160236e-08
7.499130449515160236e-08
7.499130449515160236e-08
7.499130449515160236e-08
7.499130449515160236e-08
7.499130449515160236e-08
7.499130449515160236e-08
7.499130449515160236e-08
7.499130449515160236e-08
7.499130449515160236e-08
7.499130449515160236e-08
7.499130449515160236e-08
7.499130449515160236e-08
7.499130449515160236e-08
7.499130449515160236e-08
7.499130449515160236e-08
7.499130449515160236e-08
7.499130449515160236e-08
7.499130449515160236e-08
7.499130449515160236e-08
7.499130449515160236e-08
7.499130449515160236e-08
7.499130449515160236e-08
7.499130449515160236e-08
7.499130449515160236e-08
7.499130449515160236e-08
7.499130449515160236e-08
7.499130449515160236e-08
7.170566794800334104e-08
6.569383217805914206e-08
6.569383217805914206e-08
6.569383217805914206e-08
6.569383217805914206e-08
6.331317406732648174e-08
6.203145082562354024e-08
6.203145082562354024e-08
6.203145082562354024e-08
6.203145082562354024e-08
6.203145082562354024e-08
6.203145082562354024e-08
6.203145082562354024e-08
6.203145082562354024e-08
6.203145082562354024e-08
6.203145082562354024e-08
6.203145082562354024e-08
6.203145082562354024e-08
6.203145082562354024e-08
6.203145082562354024e-08
6.203145082562354024e-08
6.203145082562354024e-08
6.203145082562354024e-08
6.203145082562354024e-08
6.203145082562354024e-08
6.203145082562354024e-08
6.203145082562354024e-08
6.203145082562354024e-08
6.203145082562354024e-08
6.203145082562354024e-08
6.052671636223071374e-08
6.052671636223071374e-08
6.052671636223071374e-08
5.936896973164003467e-08
5.936896973164003467e-08
5.936896973164003467e-08
5.936896973164003467e-08
5.936896973164003467e-08
5.605811699805439081e-08
5.594493617821831469e-08
5.594493617821831469e-08
5.594493617821831469e-08
5.594493617821831469e-08
5.594493617821831469e-08
5.594493617821831469e-08
5.495703991233741027e-08
5.383326781299604540e-08
5.383326781299604540e-08
5.383326781299604540e-08
5.383326781299604540e-08
5.383326781299604540e-08
5.383326781299604540e-08
5.383326781299604540e-08
5.383326781299604540e-08
5.383326781299604540e-08
5.383326781299604540e-08
5.383326781299604540e-08
5.383326781299604540e-08
5.383326781299604540e-08
5.383326781299604540e-08
5.320308829658303935e-08
5.185461081875437996e-08
5.185461081875437996e-08
5.185461081875437996e-08
5.185461081875437996e-08
5.185461081875437996e-08
5.129763002175833255e-08
5.129763002175833255e-08
5.129763002175833255e-08
5.129763002175833255e-08
5.129763002175833255e-08
5.129763002175833255e-08
5.129763002175833255e-08
4.728750738257647086e-08
4.564248113228149650e-08
4.495013943632525636e-08
4.495013943632525636e-08
4.495013943632525636e-08
4.495013943632525636e-08
4.495013943632525636e-08
4.495013943632525636e-08
4.495013943632525636e-08
4.495013943632525636e-08
4.495013943632525636e-08
4.495013943632525636e-08
4.495013943632525636e-08
4.495013943632525636e-08
4.495013943632525636e-08
4.495013943632525636e-08
4.495013943632525636e-08
4.495013943632525636e-08
4.495013943632525636e-08
4.495013943632525636e-08
4.495013943632525636e-08
4.495013943632525636e-08
4.495013943632525636e-08
4.495013943632525636e-08
4.495013943632525636e-08
4.495013943632525636e-08
4.495013943632525636e-08
4.495013943632525636e-08
4.495013943632525636e-08
4.495013943632525636e-08
4.495013943632525636e-08
4.495013943632525636e-08
4.495013943632525636e-08
4.495013943632525636e-08
4.495013943632525636e-08
4.495013943632525636e-08
4.495013943632525636e-08
4.495013943632525636e-08
4.495013943632525636e-08
4.495013943632525636e-08
4.495013943632525636e-08
4.495013943632525636e-08
4.495013943632525636e-08
4.495013943632525636e-08
4.495013943632525636e-08
4.495013943632525636e-08
4.495013943632525636e-08
4.495013943632525636e-08
4.495013943632525636e-08
4.495013943632525636e-08
4.495013943632525636e-08
4.495013943632525636e-08
4.495013943632525636e-08
4.414080729689243906e-08
4.414080729689243906e-08
4.414080729689243906e-08
4.414080729689243906e-08
4.414080729689243906e-08
4.414080729689243906e-08
4.406894384053028933e-08
4.406894384053028933e-08
4.406894384053028933e-08
4.406894384053028933e-08
4.406894384053028933e-08
4.406894384053028933e-08
4.406894384053028933e-08
4.406894384053028933e-08
4.406894384053028933e-08
4.406894384053028933e-08
4.406894384053028933e-08
4.406894384053028933e-08
4.406894384053028933e-08
4.406894384053028933e-08
4.406894384053028933e-08
4.406894384053028933e-08
4.406894384053028933e-08
4.406894384053028933e-08
4.344958909439133330e-08
4.200699451900493791e-08
4.200699451900493791e-08
4.200699451900493791e-08
4.200699451900493791e-08
4.200699451900493791e-08
4.200699451900493791e-08
4.200699451900493791e-08
4.200699451900493791e-08
4.200699451900493791e-08
4.200699451900493791e-08
4.200699451900493791e-08
3.992314153341188627e-08
3.992314153341188627e-08
3.992314153341188627e-08
3.992314153341188627e-08
3.992314153341188627e-08
3.992314153341188627e-08
3.992314153341188627e-08
3.992314153341188627e-08
3.992314153341188627e-08
3.992314153341188627e-08
3.992314153341188627e-08
3.992314153341188627e-08
3.992314153341188627e-08
3.992314153341188627e-08
3.992314153341188627e-08
3.992314153341188627e-08
3.992314153341188627e-08
3.992314153341188627e-08
3.992314153341188627e-08
3.992314153341188627e-08
3.992314153341188627e-08
3.992314153341188627e-08
3.992314153341188627e-08
3.992314153341188627e-08
3.992314153341188627e-08
3.992314153341188627e-08
3.992314153341188627e-08
3.992314153341188627e-08
3.992314153341188627e-08
3.992314153341188627e-08
3.992314153341188627e-08
3.992314153341188627e-08
3.992314153341188627e-08
3.992314153341188627e-08
3.992314153341188627e-08
3.992314153341188627e-08
3.992314153341188627e-08
3.992314153341188627e-08
3.992314153341188627e-08
3.992314153341188627e-08
3.992314153341188627e-08
3.992314153341188627e-08
3.992314153341188627e-08
3.992314153341188627e-08
3.992314153341188627e-08
3.992314153341188627e-08
3.992314153341188627e-08
3.992314153341188627e-08
3.992314153341188627e-08
3.992314153341188627e-08
3.992314153341188627e-08
3.859319946843920426e-08
3.751153385297477620e-08
3.751153385297477620e-08
3.751153385297477620e-08
3.751153385297477620e-08
3.751153385297477620e-08
3.751153385297477620e-08
3.751153385297477620e-08
3.751153385297477620e-08
3.751153385297477620e-08
3.751153385297477620e-08
3.751153385297477620e-08
3.751153385297477620e-08
3.751153385297477620e-08
3.751153385297477620e-08
3.751153385297477620e-08
3.751153385297477620e-08
3.751153385297477620e-08
3.751153385297477620e-08
3.751153385297477620e-08
3.751153385297477620e-08
3.751153385297477620e-08
3.751153385297477620e-08
3.751153385297477620e-08
3.751153385297477620e-08
3.751153385297477620e-08
3.751153385297477620e-08
3.751153385297477620e-08
3.751153385297477620e-08
3.751153385297477620e-08
3.751153385297477620e-08
3.751153385297477620e-08
3.751153385297477620e-08
3.751153385297477620e-08
3.751153385297477620e-08
3.751153385297477620e-08
3.751153385297477620e-08
3.751153385297477620e-08
3.751153385297477620e-08
3.751153385297477620e-08
3.751153385297477620e-08
3.751153385297477620e-08
3.751153385297477620e-08
3.751153385297477620e-08
3.751153385297477620e-08
3.751153385297477620e-08
3.751153385297477620e-08
3.751153385297477620e-08
3.751153385297477620e-08
3.751153385297477620e-08
3.751153385297477620e-08
3.751153385297477620e-08
3.751153385297477620e-08
3.751153385297477620e-08
3.751153385297477620e-08
3.751153385297477620e-08
3.751153385297477620e-08
3.751153385297477620e-08
3.640243404316054069e-08
3.640243404316054069e-08
3.640243404316054069e-08
3.640243404316054069e-08
3.640243404316054069e-08
3.640243404316054069e-08
3.640243404316054069e-08
3.640243404316054069e-08
3.640243404316054069e-08
3.640243404316054069e-08
3.640243404316054069e-08
3.640243404316054069e-08
3.640243404316054069e-08
3.640243404316054069e-08
