6.249700133114176244e+07
5.913857045384298265e+07
5.619608983098330349e+07
5.348858913716763258e+07
4.975874181755540520e+07
4.834856443333514780e+07
4.640233168273966759e+07
4.498807341191688925e+07
4.340622454898008704e+07
4.180933311132257432e+07
4.055696038089802861e+07
3.934755284500485659e+07
3.794927717296101153e+07
3.689438372485335171e+07
3.571091168699608743e+07
3.458369737676153332e+07
3.354355107874857262e+07
3.249077520306385681e+07
3.140165434247617796e+07
3.029461314262953028e+07
2.946920268189700320e+07
2.841781119276718050e+07
2.738376437706883252e+07
2.655269383450381830e+07
2.542206946158046648e+07
2.453051724657033756e+07
2.364367675463241339e+07
2.268379032640526444e+07
2.181687180193641037e+07
2.095199937562958151e+07
2.023535320581187308e+07
1.926981324415643513e+07
1.845748026079040021e+07
1.792644025975787267e+07
1.714499026817113534e+07
1.649847027473680116e+07
1.574453519356568344e+07
1.511031812390542962e+07
1.447583351913591661e+07
1.384190978642984293e+07
1.318148241276065260e+07
1.258334792636729032e+07
1.201289049385346100e+07
1.142709316837561689e+07
1.094628715149212629e+07
1.035300414851231314e+07
9.927417682937795296e+06
9.564531870268410072e+06
9.058298651446096599e+06
8.606545441821461543e+06
8.246012135592158884e+06
7.794952795697033405e+06
7.420328797223265283e+06
7.069275579304001294e+06
6.640060108134228736e+06
6.255574810130860656e+06
5.870366584175613709e+06
5.544437595586610958e+06
5.211499153984205797e+06
4.907150639154694043e+06
4.618525956598599441e+06
4.320184761952717789e+06
4.076355822127137333e+06
3.759396850028783549e+06
3.596887681012771092e+06
3.306101118596685119e+06
3.079916958924076520e+06
2.929903404377006460e+06
2.708903139108890202e+06
2.532154351649043150e+06
2.336904760010404047e+06
2.146648870079375803e+06
2.038613991658286192e+06
1.897115271035693353e+06
1.753251649432665901e+06
1.657821125309319235e+06
1.513267376088464400e+06
1.370792739175088471e+06
1.273409633307917975e+06
1.201333078464543214e+06
1.120364263085328974e+06
1.013034722497074632e+06
9.141470774752786383e+05
8.537763662620113464e+05
7.982443278394461377e+05
7.387606164264574181e+05
6.557556183558506891e+05
6.009515789373145672e+05
5.389880794812894892e+05
4.988164476803411380e+05
4.579593176425431157e+05
4.158677602882049978e+05
3.774403831030148431e+05
3.505531016299808398e+05
2.972474446508080000e+05
2.730218171904434566e+05
2.577520095743539569e+05
2.399690334170114947e+05
2.214091764495026146e+05
1.964706609018285817e+05
1.833874069835759874e+05
1.682464187701070914e+05
1.574468022032942681e+05
1.405599278876378667e+05
1.283158629630705836e+05
1.248448253305297985e+05
1.103005473651569919e+05
1.061454579872479226e+05
9.862317250279171276e+04
9.155365607613696193e+04
8.650863277894302155e+04
7.766981468919024337e+04
7.359488880607133615e+04
6.524345018545658968e+04
6.423781666649883846e+04
6.115286705139538390e+04
6.098030248800393019e+04
5.895444541346868209e+04
5.786496181099461683e+04
5.487088116102536151e+04
5.051356847711203591e+04
4.806440847311355174e+04
4.658684792862516770e+04
4.647219261397761147e+04
4.558743207028126199e+04
4.456534605801861471e+04
4.447716321013856941e+04
4.344311480575283349e+04
4.218427527865568118e+04
4.161234654840267467e+04
4.087075770553499751e+04
4.052427205550821964e+04
4.049482980806534761e+04
4.049482980806534761e+04
3.842741335244604852e+04
3.740954016424999281e+04
3.670592871752454812e+04
3.661790629617636296e+04
3.651708034005782247e+04
3.639200182537456567e+04
3.574483275227602280e+04
3.468625118006043340e+04
3.442578039027933846e+04
3.393173544664253859e+04
3.393173544664253859e+04
3.384037954087637627e+04
3.267936219592992711e+04
3.267936219592992711e+04
3.233766632136300177e+04
3.233766632136300177e+04
3.233766632136300177e+04
3.227783483933447496e+04
3.213619899510114556e+04
3.213619899510114556e+04
3.163253185872102040e+04
3.163253185872102040e+04
3.144624921945231472e+04
3.144624921945231472e+04
3.144624921945231472e+04
3.130990766228685970e+04
3.119459415194605754e+04
3.087906794347303003e+04
3.052914416691608494e+04
3.049773178172684129e+04
3.027063322058732592e+04
3.027063322058732592e+04
3.021182515773391424e+04
3.021182515773391424e+04
3.021182515773391424e+04
2.984361054866004997e+04
2.931288909615315424e+04
2.895421680597496379e+04
2.872517250836292442e+04
2.872517250836292442e+04
2.858793113004663246e+04
2.858793113004663246e+04
2.856811001538993878e+04
2.848581129464757760e+04
2.790330037188211281e+04
2.783835533032098829e+04
2.783835533032098829e+04
2.744668919622241083e+04
2.744668919622241083e+04
2.744668919622241083e+04
2.744668919622241083e+04
2.703392591376948258e+04
2.679592815376773069e+04
2.679592815376773069e+04
2.659995710352021342e+04
2.659995710352021342e+04
2.659995710352021342e+04
2.648383037226512897e+04
2.648383037226512897e+04
2.648383037226512897e+04
2.648383037226512897e+04
2.632221813205634317e+04
2.632221813205634317e+04
2.597756983665040752e+04
2.592945404986680660e+04
2.592945404986680660e+04
2.585290001023347941e+04
2.585290001023347941e+04
2.525531083116255832e+04
2.525531083116255832e+04
2.525531083116255832e+04
2.525531083116255832e+04
2.525531083116255832e+04
2.521242274074761735e+04
2.499377072654095537e+04
2.499377072654095537e+04
2.494538158331393788e+04
2.494538158331393788e+04
2.494538158331393788e+04
2.494538158331393788e+04
2.477068028283660169e+04
2.464939893669495359e+04
2.464939893669495359e+04
2.464939893669495359e+04
2.464939893669495359e+04
2.459926375021578133e+04
2.459926375021578133e+04
2.459926375021578133e+04
2.454435054101487549e+04
2.454435054101487549e+04
2.454435054101487549e+04
2.454435054101487549e+04
2.454370824419354176e+04
2.454370824419354176e+04
2.446563633093540193e+04
2.425454378612620712e+04
2.425454378612620712e+04
2.411395540239562979e+04
2.411395540239562979e+04
2.400626028747798773e+04
2.400626028747798773e+04
2.391708639430545372e+04
2.391708639430545372e+04
2.391708639430545372e+04
2.391708639430545372e+04
2.391708639430545372e+04
2.376701083709733211e+04
2.376701083709733211e+04
2.373023595678350830e+04
2.373023595678350830e+04
2.373023595678350830e+04
2.373023595678350830e+04
2.371673563733226183e+04
2.371673563733226183e+04
2.358624362877865497e+04
2.358624362877865497e+04
2.358624362877865497e+04
2.358624362877865497e+04
2.358624362877865497e+04
2.358624362877865497e+04
2.358624362877865497e+04
2.323555930108267057e+04
2.323555930108267057e+04
2.306652106008577175e+04
2.306652106008577175e+04
2.306652106008577175e+04
2.306652106008577175e+04
2.303300704877178941e+04
2.303300704877178941e+04
2.303300704877178941e+04
2.287884925262239994e+04
2.287884925262239994e+04
2.287884925262239994e+04
2.282689219613358728e+04
2.280920915082439024e+04
2.280920915082439024e+04
2.280920915082439024e+04
2.262324581055663657e+04
2.257334806137926353e+04
2.257334806137926353e+04
2.257334806137926353e+04
2.249377899133530445e+04
2.249377899133530445e+04
2.249377899133530445e+04
2.249377899133530445e+04
2.249239282659244418e+04
2.228820326419534103e+04
2.222439382894201481e+04
2.222439382894201481e+04
2.222439382894201481e+04
2.214959047873739473e+04
2.198854797461882845e+04
2.171609185411747603e+04
2.171609185411747603e+04
2.171609185411747603e+04
2.171609185411747603e+04
2.171609185411747603e+04
2.171609185411747603e+04
2.171609185411747603e+04
2.171609185411747603e+04
2.171609185411747603e+04
2.171609185411747603e+04
2.171609185411747603e+04
2.171609185411747603e+04
2.171609185411747603e+04
2.155777528778157648e+04
2.155777528778157648e+04
2.146874589231160644e+04
2.146874589231160644e+04
2.146874589231160644e+04
2.142176150929822688e+04
2.142176150929822688e+04
2.142176150929822688e+04
2.142176150929822688e+04
2.142176150929822688e+04
2.142176150929822688e+04
2.112317277785633996e+04
2.112317277785633996e+04
2.098108234828550849e+04
2.098108234828550849e+04
2.096222557273605344e+04
2.090815636253667253e+04
2.090815636253667253e+04
2.090815636253667253e+04
2.074872227876407851e+04
2.074872227876407851e+04
2.074872227876407851e+04
2.074872227876407851e+04
2.074872227876407851e+04
2.059895688174252791e+04
2.041903567839224343e+04
2.041903567839224343e+04
2.041903567839224343e+04
2.041903567839224343e+04
2.041030192994236859e+04
2.007057063620807821e+04
2.007057063620807821e+04
2.007057063620807821e+04
2.007048434798229209e+04
2.007048434798229209e+04
2.007048434798229209e+04
1.989180665691696049e+04
1.986755365779729254e+04
1.986755365779729254e+04
1.983883478782048041e+04
1.983883478782048041e+04
1.983883478782048041e+04
1.983883478782048041e+04
1.983883478782048041e+04
1.983883478782048041e+04
1.983883478782048041e+04
1.983883478782048041e+04
1.983883478782048041e+04
1.983883478782048041e+04
1.983883478782048041e+04
1.983883478782048041e+04
1.983816176031144278e+04
1.983816176031144278e+04
1.983816176031144278e+04
1.983816176031144278e+04
1.983816176031144278e+04
1.983816176031144278e+04
1.983816176031144278e+04
1.983816176031144278e+04
1.956159394649490787e+04
1.956159394649490787e+04
1.956159394649490787e+04
1.956159394649490787e+04
1.956159394649490787e+04
1.956159394649490787e+04
1.956159394649490787e+04
1.949394509758861022e+04
1.949394509758861022e+04
1.949394509758861022e+04
1.945833386457943197e+04
1.945833386457943197e+04
1.945833386457943197e+04
1.945833386457943197e+04
1.945833386457943197e+04
1.945833386457943197e+04
1.945833386457943197e+04
1.945833386457943197e+04
1.945833386457943197e+04
1.934718984681875372e+04
1.934718984681875372e+04
1.934718984681875372e+04
1.934718984681875372e+04
1.934718984681875372e+04
1.934718984681875372e+04
1.934718984681875372e+04
1.934718984681875372e+04
1.934718984681875372e+04
1.910209159637476841e+04
1.910209159637476841e+04
1.910209159637476841e+04
1.910209159637477205e+04
1.910209159637476841e+04
1.898273814598879108e+04
1.898273814598879108e+04
1.898273814598879108e+04
1.898273814598879108e+04
1.898273814598879108e+04
1.895803561449100380e+04
1.895803561449100380e+04
1.895803561449100380e+04
1.892700125591166579e+04
1.892700125591166579e+04
1.892700125591166579e+04
1.892700125591166579e+04
1.892700125591166579e+04
1.892700125591166579e+04
1.892700125591166579e+04
1.892700125591166943e+04
1.892700125591166579e+04
1.892700125591166579e+04
1.892700125591166579e+04
1.892700125591166579e+04
1.889448813679214800e+04
1.889448813679214800e+04
1.889448813679214800e+04
1.886100708277985177e+04
1.865208410809829729e+04
1.865208410809829729e+04
1.865208410809829729e+04
1.865208410809829729e+04
1.846263284816861778e+04
1.846263284816861778e+04
1.845299210854718694e+04
1.845299210854718694e+04
1.845299210854718694e+04
1.845299210854718694e+04
1.837337160559140102e+04
1.819305796039921188e+04
1.819305796039921188e+04
1.819305796039921188e+04
1.819305796039921188e+04
1.819305796039921188e+04
1.819305796039921188e+04
1.819305796039921188e+04
1.819305796039921188e+04
1.819305796039921188e+04
1.819305796039921188e+04
1.819305796039921188e+04
1.818128693997101800e+04
1.818128693997101800e+04
1.818128693997101800e+04
1.818128693997101800e+04
1.818128693997101800e+04
1.818128693997101800e+04
1.814722345822741772e+04
1.798445746282808250e+04
1.798445746282808250e+04
1.798445746282808250e+04
1.798445746282808250e+04
1.798445746282808250e+04
1.798445746282808250e+04
1.798445746282808250e+04
1.798445746282808250e+04
1.798445746282808250e+04
1.798445746282808250e+04
1.777788238839127735e+04
1.777788238839127735e+04
1.777788238839127735e+04
1.777788238839127735e+04
1.777788238839127735e+04
1.777788238839127735e+04
1.777788238839127735e+04
1.777788238839127735e+04
1.777788238839127735e+04
1.777788238839127735e+04
1.777788238839127735e+04
1.777788238839127735e+04
1.777788238839127735e+04
1.769386719483945490e+04
1.769386719483945490e+04
1.769386719483945490e+04
1.769386719483945490e+04
1.769386719483945490e+04
1.769386719483945490e+04
1.769386719483945490e+04
1.769386719483945490e+04
1.769386719483945490e+04
1.769386719483945490e+04
1.769386719483945490e+04
1.769386719483945490e+04
1.769386719483945490e+04
1.769386719483945490e+04
1.769386719483945126e+04
1.769386719483945490e+04
1.769386719483945490e+04
1.769386719483945490e+04
1.769386719483945490e+04
1.769386719483945490e+04
1.769386719483945490e+04
1.769386719483945490e+04
1.769201065628516517e+04
1.769201065628516517e+04
1.769201065628516517e+04
1.769201065628516517e+04
1.769201065628516517e+04
1.769201065628516517e+04
1.769201065628516517e+04
1.769201065628516517e+04
1.769201065628516517e+04
1.769201065628516517e+04
1.769201065628516517e+04
1.769201065628516517e+04
1.769201065628516517e+04
1.769201065628516517e+04
1.769201065628516517e+04
1.769201065628516517e+04
1.769201065628516517e+04
1.769201065628516517e+04
1.769201065628516517e+04
1.769201065628516517e+04
1.769201065628516517e+04
1.769201065628516517e+04
1.769201065628516517e+04
1.769201065628516517e+04
1.764093221910736975e+04
1.764093221910736975e+04
1.764093221910736975e+04
1.764093221910736975e+04
1.764093221910736975e+04
1.755107942904383162e+04
1.755107942904383162e+04
1.755107942904383162e+04
1.755107942904383162e+04
1.748544121167328922e+04
1.748544121167328922e+04
1.748544121167328922e+04
1.748544121167328922e+04
1.746504162622051808e+04
1.746504162622051808e+04
1.746504162622051808e+04
1.745516786175480956e+04
1.745516786175480956e+04
1.745516786175480956e+04
1.737324927803136234e+04
1.737324927803136234e+04
1.737324927803136234e+04
1.737324927803136234e+04
1.737324927803136234e+04
1.737324927803136234e+04
1.737324927803136234e+04
1.726563560259182850e+04
1.726563560259182850e+04
1.726563560259182850e+04
1.726563560259182850e+04
1.726563560259182850e+04
1.726563560259182850e+04
1.726563560259182850e+04
1.726563560259182850e+04
1.726563560259182850e+04
1.726563560259182850e+04
1.726563560259182850e+04
1.726563560259182850e+04
1.726563560259182850e+04
1.726563560259182850e+04
1.726563560259182850e+04
1.726563560259183214e+04
1.726563560259182850e+04
1.701996119793580147e+04
1.697853636406539226e+04
1.697853636406539226e+04
1.697853636406539226e+04
1.697853636406538863e+04
1.697853636406539226e+04
1.697853636406539226e+04
1.697853636406539226e+04
1.697853636406539226e+04
1.697853636406538863e+04
1.697853636406539226e+04
1.697853636406539226e+04
1.697853636406538863e+04
1.697853636406539226e+04
1.697853636406539226e+04
1.697853636406539226e+04
1.697853636406539226e+04
1.697853636406539226e+04
1.697853636406539226e+04
1.697853636406539226e+04
1.697853636406539226e+04
1.697853636406539226e+04
1.697853636406539226e+04
1.697853636406539226e+04
1.697853636406539226e+04
1.697853636406539226e+04
1.697494442729429647e+04
1.697494442729429647e+04
1.697494442729429647e+04
1.697494442729429647e+04
1.697494442729429647e+04
1.697494442729429647e+04
1.697494442729429647e+04
1.697494442729429647e+04
1.697494442729429647e+04
1.675439105103999827e+04
1.675439105103999827e+04
1.675439105103999827e+04
1.675439105103999827e+04
1.675439105103999827e+04
1.675439105103999827e+04
1.675439105103999827e+04
1.675439105103999827e+04
1.675439105103999827e+04
1.675439105103999827e+04
1.675439105103999827e+04
1.675439105103999827e+04
1.675439105103999827e+04
1.675439105103999827e+04
1.675439105103999827e+04
1.675439105103999827e+04
1.675439105103999827e+04
1.675439105103999827e+04
1.675439105103999827e+04
1.675439105103999827e+04
1.675439105103999827e+04
1.675439105103999827e+04
1.675439105103999827e+04
1.675439105103999464e+04
1.675439105103999827e+04
1.675439105103999827e+04
1.675439105103999827e+04
1.675439105103999827e+04
1.675439105103999827e+04
1.675439105103999827e+04
1.675439105103999827e+04
1.675439105103999827e+04
1.675439105103999827e+04
1.675439105103999827e+04
1.675439105103999827e+04
1.675439105103999827e+04
1.675439105103999827e+04
1.675439105103999827e+04
1.675439105103999827e+04
1.675439105103999827e+04
1.675439105103999827e+04
1.675439105103999827e+04
1.675439105103999827e+04
1.675439105103999827e+04
1.675439105103999827e+04
1.669625077808679634e+04
1.654495669589392492e+04
1.654203674351892550e+04
1.654203674351892550e+04
1.654203674351892550e+04
1.654203674351892550e+04
1.654203674351892550e+04
1.654203674351892550e+04
1.654203674351892550e+04
1.654203674351892550e+04
1.654203674351892550e+04
1.654203674351892550e+04
1.654203674351892550e+04
1.654203674351892550e+04
1.636937665309537806e+04
1.636937665309537806e+04
1.636937665309537806e+04
1.636937665309537806e+04
1.636937665309537806e+04
1.636937665309537806e+04
1.636937665309537806e+04
1.636937665309537806e+04
1.632799234866465849e+04
1.632799234866465849e+04
1.632799234866465849e+04
1.632799234866465849e+04
1.632799234866465849e+04
1.632799234866465849e+04
1.632799234866465849e+04
1.632799234866465849e+04
1.632799234866465849e+04
1.632799234866465849e+04
1.632799234866465849e+04
1.630966017562188790e+04
1.630966017562188790e+04
1.630966017562188790e+04
1.630966017562188790e+04
1.630966017562188790e+04
1.630966017562188790e+04
1.630966017562188790e+04
1.630966017562188790e+04
1.630966017562188608e+04
1.630966017562188790e+04
1.630966017562188790e+04
1.630966017562188790e+04
1.630966017562188790e+04
1.630966017562188790e+04
1.630966017562188790e+04
1.630966017562188790e+04
1.630966017562188790e+04
1.630966017562188790e+04
1.630966017562188790e+04
1.630966017562188790e+04
1.630966017562188790e+04
1.630966017562188790e+04
1.630966017562188790e+04
1.630966017562188790e+04
1.624583172961405944e+04
1.624583172961405944e+04
1.624583172961405944e+04
1.624583172961405944e+04
1.624583172961405944e+04
1.624583172961405944e+04
1.624583172961405944e+04
1.624583172961405944e+04
1.624583172961405944e+04
1.624583172961405944e+04
1.624583172961405944e+04
1.624583172961405944e+04
1.624583172961405944e+04
1.624583172961405944e+04
1.624583172961405944e+04
1.624583172961405944e+04
1.624583172961405944e+04
1.624583172961405944e+04
1.624583172961405944e+04
1.624583172961405944e+04
1.624583172961405944e+04
1.624583172961405944e+04
1.624583172961405944e+04
1.624583172961405944e+04
1.624583172961405944e+04
1.624583172961405944e+04
1.624583172961405944e+04
1.624583172961405944e+04
1.624583172961405944e+04
1.624583172961405944e+04
1.620002730108187461e+04
1.620002730108187461e+04
1.620002730108187461e+04
1.620002730108187461e+04
1.620002730108187461e+04
1.620002730108187461e+04
1.620002730108187461e+04
1.620002730108187461e+04
1.620002730108187461e+04
1.620002730108187461e+04
1.620002730108187461e+04
1.620002730108187461e+04
1.620002730108187461e+04
1.620002730108187461e+04
1.620002730108187461e+04
1.609926375282150184e+04
1.598437472410402188e+04
1.598437472410402188e+04
1.598437472410402188e+04
1.598437472410402188e+04
1.598437472410402188e+04
1.598437472410402188e+04
1.598359415089199865e+04
1.598359415089199865e+04
1.598359415089199865e+04
1.598359415089199865e+04
1.580717403526925955e+04
1.580717403526926319e+04
1.580717403526926319e+04
1.580717403526926319e+04
1.580717403526925955e+04
1.580717403526926319e+04
1.580717403526926319e+04
1.580717403526926319e+04
1.580717403526926319e+04
1.574319035376168904e+04
1.574319035376168904e+04
1.574319035376168904e+04
1.574319035376168904e+04
1.574319035376168904e+04
1.574319035376168904e+04
1.572591389230417008e+04
1.572591389230417008e+04
1.572591389230417008e+04
1.572591389230417008e+04
1.572591389230417008e+04
1.572591389230417008e+04
1.572591389230417008e+04
1.572591389230417008e+04
1.572591389230417008e+04
1.572591389230417008e+04
1.572591389230417008e+04
1.572591389230417008e+04
1.572591389230417008e+04
1.572591389230417008e+04
1.572591389230417008e+04
1.570273854152983949e+04
1.570273854152983949e+04
1.570273854152983949e+04
1.570273854152983949e+04
1.570273854152983949e+04
1.570273854152983949e+04
1.553581652984974971e+04
1.553581652984974971e+04
1.553581652984974971e+04
1.553581652984974971e+04
1.553581652984974971e+04
1.553581652984974971e+04
1.553581652984974971e+04
1.553581652984974971e+04
1.553581652984974971e+04
1.553581652984974971e+04
1.553581652984974971e+04
1.553581652984974971e+04
1.543978813152053954e+04
1.543978813152053954e+04
1.543978813152053954e+04
1.543978813152053954e+04
1.543978813152053954e+04
1.543978813152053954e+04
1.543978813152053954e+04
1.543978813152053954e+04
1.543978813152053954e+04
1.543951803600683161e+04
1.543951803600683161e+04
1.528288036767657832e+04
1.528288036767657832e+04
1.528288036767657832e+04
1.528288036767657832e+04
1.528288036767657832e+04
1.528288036767657832e+04
1.528288036767657832e+04
1.528288036767657832e+04
1.528288036767657832e+04
1.524202563572238614e+04
1.524202563572238614e+04
1.524202563572238614e+04
1.524202563572238614e+04
1.524202563572238614e+04
1.524202563572238614e+04
1.524202563572238614e+04
1.524202563572238614e+04
1.524202563572238614e+04
1.522639292309192933e+04
1.522639292309192933e+04
1.522639292309192933e+04
1.522639292309192933e+04
1.522639292309192933e+04
1.522639292309192933e+04
1.522639292309192570e+04
1.522639292309192933e+04
1.522639292309192933e+04
1.522639292309192933e+04
1.522639292309192933e+04
1.522639292309192933e+04
1.522639292309192933e+04
1.522639292309192933e+04
1.522639292309192933e+04
1.522057013999468109e+04
1.522057013999468109e+04
1.522057013999468109e+04
1.522057013999468109e+04
1.522057013999468109e+04
1.522057013999468109e+04
1.522057013999468109e+04
1.522057013999468290e+04
1.522057013999468109e+04
1.522057013999468109e+04
1.522057013999468109e+04
1.522057013999468109e+04
1.522057013999468109e+04
1.522057013999468109e+04
1.522057013999468109e+04
1.522057013999468109e+04
1.521153224068977761e+04
1.521153224068977761e+04
1.521153224068977761e+04
1.513696424528602620e+04
1.513696424528602620e+04
1.508488450518253012e+04
1.508488450518253012e+04
1.508488450518253012e+04
1.508488450518253012e+04
1.508488450518253012e+04
1.508488450518253012e+04
1.508488450518253012e+04
1.504702496061476086e+04
1.504702496061476450e+04
1.504702496061476086e+04
1.504702496061476086e+04
1.504702496061476086e+04
1.504702496061476086e+04
1.504702496061476086e+04
1.503725948400577545e+04
1.495483485237247623e+04
1.495483485237247623e+04
1.495483485237247623e+04
1.495483485237247623e+04
1.495483485237247623e+04
1.495483485237247623e+04
1.495483485237247623e+04
1.495483485237247623e+04
1.492716044503934609e+04
1.492716044503934609e+04
1.492716044503934609e+04
1.492716044503934609e+04
1.492716044503934609e+04
1.492716044503934609e+04
1.492716044503934609e+04
1.492716044503934609e+04
1.492716044503934609e+04
1.492716044503934609e+04
1.492716044503934609e+04
1.492716044503934609e+04
1.492716044503934609e+04
1.492716044503934609e+04
1.492716044503934609e+04
1.492716044503934609e+04
1.492716044503934609e+04
1.492716044503934609e+04
1.492716044503934609e+04
1.492716044503934609e+04
1.492716044503934609e+04
1.492716044503934609e+04
1.492716044503934609e+04
1.492716044503934609e+04
1.492716044503934609e+04
1.492716044503934609e+04
1.492716044503934609e+04
1.492716044503934609e+04
1.492716044503934609e+04
1.492716044503934609e+04
1.492716044503934609e+04
1.492716044503934609e+04
1.492716044503934609e+04
1.492716044503934609e+04
1.492716044503934791e+04
1.492716044503934609e+04
1.492716044503934609e+04
1.492716044503934609e+04
1.492716044503934609e+04
1.492716044503934609e+04
1.492716044503934609e+04
1.492716044503934609e+04
1.478324057259380788e+04
1.478324057259380788e+04
1.478324057259380788e+04
1.478324057259380788e+04
1.478324057259380788e+04
1.478324057259380425e+04
1.478324057259380788e+04
1.478324057259380788e+04
1.478324057259380788e+04
1.478324057259380425e+04
1.478324057259380425e+04
1.478324057259380788e+04
1.478324057259380788e+04
1.478324057259380788e+04
1.478324057259380788e+04
1.478324057259380788e+04
1.478324057259380788e+04
1.478324057259380425e+04
1.478324057259380788e+04
1.478324057259380788e+04
1.478324057259380788e+04
1.478324057259380788e+04
1.478324057259380788e+04
1.478324057259380425e+04
1.478324057259380788e+04
1.478324057259380788e+04
1.478324057259380788e+04
1.478324057259380788e+04
1.476585286685431311e+04
1.476585286685431129e+04
1.476585286685431311e+04
1.476585286685431311e+04
1.476585286685431311e+04
1.476585286685431311e+04
1.476585286685431311e+04
1.476585286685431311e+04
1.476585286685431311e+04
1.476585286685431311e+04
1.476585286685431311e+04
1.476585286685431311e+04
1.476585286685431311e+04
1.476585286685431311e+04
1.476585286685431311e+04
1.470013029950640157e+04
1.470013029950640157e+04
1.470013029950640157e+04
1.470013029950640157e+04
1.470013029950640157e+04
1.470013029950640157e+04
1.470013029950640157e+04
1.465260160618332702e+04
1.465260160618332702e+04
1.465260160618332702e+04
1.465260160618332702e+04
1.465260160618332702e+04
1.465260160618332702e+04
1.465260160618332702e+04
1.465260160618332702e+04
1.462530660571898261e+04
1.462530660571898261e+04
1.462530660571898261e+04
1.462530660571898261e+04
1.462530660571898261e+04
1.462530660571898261e+04
1.462530660571898261e+04
1.462530660571898261e+04
1.462530660571898261e+04
1.462530660571898261e+04
1.462530660571898261e+04
1.462530660571898261e+04
1.462530660571898261e+04
1.462530660571898261e+04
1.462530660571898261e+04
