5.237360899647459155e+04
1.902038756185511011e+04
8.944022129222794320e+03
2.097015422384182330e+03
1.368129569319750544e+03
7.733624687913475100e+02
5.031974040260611218e+02
2.471661072747493222e+02
1.482602391439384633e+02
1.233011861908590419e+02
1.181994291269547830e+02
1.131324588190200302e+02
1.059626103967639068e+02
9.859733319844572463e+01
9.523507336755312735e+01
9.151020081867459055e+01
8.364285559641430723e+01
8.059037493128514029e+01
7.552393284599358481e+01
7.492842631468749914e+01
7.313657763071336149e+01
6.698610765468215789e+01
6.310871498256996404e+01
6.115458900819962196e+01
5.854631024110616266e+01
5.702147758462449900e+01
5.492396606528917147e+01
5.429817256446911955e+01
5.006108295988664025e+01
4.795480279416726432e+01
4.531739540402090682e+01
4.186225633111349964e+01
4.067043298364728088e+01
3.963419914448164860e+01
3.832007481742208199e+01
3.777885609677511525e+01
3.758406917652619939e+01
3.583461742085786028e+01
3.500352529465830997e+01
3.466060996599976107e+01
3.313114257861744960e+01
3.222783382036303834e+01
3.157247719566240107e+01
3.022708974386689817e+01
2.970149025781291030e+01
2.894207140623167618e+01
2.814986305487880713e+01
2.724762645427767893e+01
2.695372253605049551e+01
2.663723403454660854e+01
2.564762339654162560e+01
2.462509169039558188e+01
2.413528243868899992e+01
2.359002058661859280e+01
2.312928791054784483e+01
2.275043705750069378e+01
2.173912652543011959e+01
2.161437668704882142e+01
2.127281005894135291e+01
2.109360848314381442e+01
2.103461293631440299e+01
2.103394277086265163e+01
2.046693678257719640e+01
2.046693678257719640e+01
1.922351846445109302e+01
1.768180258619319289e+01
1.532027812217010343e+01
1.529188481466347582e+01
1.513218730163996462e+01
1.508933207591523740e+01
1.506011804407659582e+01
1.452639474032682365e+01
1.452415127576005460e+01
1.395035013417047232e+01
1.393121579815223221e+01
1.390853872476341735e+01
1.390280044472545740e+01
1.295750850449037905e+01
1.287301881796729575e+01
1.287301881796729575e+01
1.287096047563104939e+01
1.286243117085930088e+01
1.284066024214008550e+01
1.226086994359166660e+01
1.134177501286946743e+01
1.132796776799475857e+01
1.132796776799475857e+01
1.131902144965513912e+01
1.130403751938473000e+01
1.130403751938473000e+01
1.068383391485430600e+01
1.048607980606128898e+01
9.605215909364803295e+00
9.605215909364803295e+00
9.605215909364803295e+00
9.605215909364803295e+00
8.768405719553033606e+00
8.768405719553033606e+00
7.969006905448966727e+00
7.515069589434391517e+00
7.504564169846683619e+00
7.504564169846683619e+00
6.737921343458879164e+00
6.737921343458879164e+00
5.337826423350054306e+00
5.319231243465949888e+00
5.319231243465949888e+00
5.313224818689040951e+00
4.307183502636107164e+00
4.307183502636107164e+00
4.299059683235003426e+00
4.299059683235003426e+00
3.388326397801582512e+00
3.002625093045976801e+00
3.002625093045976801e+00
2.998792701390492255e+00
2.996084947746695537e+00
2.229404364911208525e+00
2.229404364911208525e+00
1.953950230140212296e+00
1.953950230140212296e+00
1.939129969263817976e+00
1.937926995759227333e+00
1.630889842095789355e+00
1.630889842095789355e+00
1.630889842095789355e+00
1.630889842095789355e+00
1.630889842095789355e+00
1.630889842095789355e+00
1.627679313748035872e+00
1.625834772287472418e+00
1.625834772287472418e+00
1.096924042931537890e+00
9.247492268925419090e-01
9.247492268925419090e-01
9.247492268925419090e-01
9.247492268925419090e-01
9.247492268925419090e-01
9.247492268925419090e-01
9.214629919993960749e-01
9.214629919993960749e-01
8.331470046491422643e-01
8.331470046491422643e-01
8.331470046491422643e-01
8.331470046491422643e-01
8.289015798973897731e-01
8.289015798973897731e-01
8.289015798973897731e-01
8.269150383329378906e-01
8.269150383329378906e-01
8.222614244399858441e-01
8.222614244399858441e-01
8.203988874810616005e-01
8.203988874810616005e-01
8.203517623423405292e-01
8.203517623423405292e-01
3.906764339558826404e-01
3.906764339558826404e-01
3.906764339558826404e-01
3.906764339558826404e-01
3.906764339558826404e-01
3.906764339558826404e-01
3.906764339558826404e-01
3.876916956586447527e-01
2.435397996654839470e-01
2.435397996654839470e-01
2.435397996654839470e-01
2.435397996654839470e-01
2.435397996654839470e-01
2.435397996654839470e-01
2.435397996654839470e-01
2.435397996654839470e-01
2.427887154709303108e-01
1.166516609785288455e-01
1.166516609785288455e-01
1.166516609785288455e-01
1.166516609785288455e-01
1.166516609785288455e-01
1.166516609785288455e-01
1.099338056788680823e-01
1.092558461596138120e-01
1.086082251352991079e-01
1.086082251352991079e-01
1.086082251352991079e-01
1.070120547901258490e-01
1.070120547901258490e-01
1.070120547901258490e-01
1.070120547901258490e-01
1.061016789818956946e-01
1.057065076189251107e-01
1.057065076189251107e-01
1.057065076189251107e-01
1.057065076189251107e-01
1.057065076189251107e-01
1.057065076189251107e-01
1.057065076189251107e-01
1.057065076189251107e-01
1.009399765671349369e-01
1.009399765671349369e-01
9.764873576841330560e-02
9.476767253324160090e-02
9.476767253324160090e-02
9.476767253324160090e-02
9.476767253324160090e-02
9.476767253324160090e-02
9.476767253324160090e-02
9.476767253324160090e-02
9.414227669451069591e-02
9.414227669451069591e-02
9.414227669451069591e-02
9.414227669451069591e-02
9.414227669451069591e-02
9.414227669451069591e-02
9.414227669451069591e-02
9.207460222348415324e-02
9.207460222348415324e-02
9.207460222348415324e-02
9.207460222348415324e-02
9.207460222348415324e-02
9.207460222348415324e-02
8.869703670509530846e-02
8.507972723101886459e-02
8.507972723101886459e-02
8.267599914937780181e-02
8.267599914937780181e-02
8.210818917691077579e-02
8.210818917691077579e-02
8.210818917691077579e-02
8.210818917691077579e-02
8.210818917691077579e-02
8.210818917691077579e-02
8.210818917691077579e-02
8.210818917691077579e-02
8.210818917691077579e-02
8.210818917691077579e-02
8.210818917691077579e-02
8.210818917691077579e-02
8.210818917691077579e-02
8.210818917691077579e-02
6.970234530527921746e-02
6.970234530527921746e-02
6.970234530527921746e-02
6.970234530527921746e-02
6.970234530527921746e-02
6.970234530527921746e-02
6.970234530527921746e-02
6.970234530527921746e-02
6.970234530527921746e-02
6.970234530527921746e-02
6.970234530527921746e-02
6.970234530527921746e-02
6.970234530527921746e-02
6.970234530527921746e-02
6.970234530527921746e-02
6.970234530527921746e-02
6.970234530527921746e-02
6.970234530527921746e-02
6.970234530527921746e-02
6.970234530527921746e-02
6.970234530527921746e-02
6.970234530527921746e-02
6.970234530527921746e-02
6.970234530527921746e-02
6.970234530527921746e-02
6.970234530527921746e-02
6.970234530527921746e-02
6.970234530527921746e-02
6.970234530527921746e-02
6.970234530527921746e-02
6.970234530527921746e-02
6.970234530527921746e-02
6.970234530527921746e-02
6.970234530527921746e-02
6.970234530527921746e-02
6.970234530527921746e-02
6.940091305756813933e-02
6.940091305756813933e-02
6.940091305756813933e-02
6.940091305756813933e-02
6.940091305756813933e-02
6.940091305756813933e-02
6.940091305756813933e-02
6.940091305756813933e-02
6.940091305756813933e-02
6.652908236033087952e-02
6.652908236033087952e-02
6.472322126874122117e-02
6.377980093045534926e-02
6.377980093045534926e-02
6.377980093045534926e-02
6.377980093045534926e-02
6.377980093045534926e-02
6.377980093045534926e-02
6.377980093045534926e-02
6.377980093045534926e-02
6.377980093045534926e-02
6.377980093045534926e-02
6.377980093045534926e-02
6.377980093045534926e-02
6.377980093045534926e-02
6.168580076151210234e-02
6.168580076151210234e-02
6.021981820560243226e-02
6.021981820560243226e-02
5.915555128652857236e-02
5.915555128652857236e-02
5.915555128652857236e-02
5.915555128652857236e-02
5.915555128652857236e-02
5.915555128652857236e-02
5.915555128652857236e-02
5.915555128652857236e-02
5.908402421884299122e-02
5.855031873642441848e-02
5.855031873642441848e-02
5.855031873642441848e-02
5.855031873642441848e-02
5.855031873642441848e-02
5.855031873642441848e-02
5.855031873642441848e-02
5.855031873642441848e-02
5.855031873642441848e-02
5.855031873642441848e-02
5.855031873642441848e-02
5.855031873642441848e-02
5.855031873642441848e-02
5.855031873642441848e-02
5.855031873642441848e-02
5.855031873642441848e-02
5.855031873642441848e-02
5.514181165326768885e-02
5.514181165326768885e-02
5.514181165326768885e-02
5.514181165326768885e-02
5.514181165326768885e-02
5.514181165326768885e-02
5.514181165326768885e-02
5.482635386937150662e-02
5.482635386937150662e-02
5.436832459116212185e-02
5.436832459116212185e-02
5.392095104733213295e-02
5.392095104733213295e-02
5.060721839238484926e-02
5.060721839238484926e-02
5.060721839238484926e-02
5.060721839238484926e-02
5.060721839238484926e-02
5.060721839238484926e-02
5.060721839238484926e-02
5.060721839238484926e-02
5.060721839238484926e-02
4.920443085920288284e-02
4.920443085920288284e-02
4.920443085920288284e-02
4.920443085920288284e-02
4.920443085920288284e-02
4.920443085920288284e-02
4.920443085920288284e-02
4.920443085920288284e-02
4.920443085920288284e-02
4.723100434314993212e-02
4.723100434314993212e-02
4.723100434314993212e-02
4.723100434314993212e-02
4.485345560251973590e-02
4.485345560251973590e-02
4.485345560251973590e-02
4.485345560251973590e-02
4.485345560251973590e-02
4.485345560251973590e-02
4.485345560251973590e-02
4.485345560251973590e-02
4.485345560251973590e-02
4.485345560251973590e-02
4.485345560251973590e-02
4.485345560251973590e-02
4.360268035522403551e-02
4.360268035522403551e-02
4.360268035522403551e-02
4.360268035522403551e-02
4.287063522689066319e-02
4.287063522689066319e-02
4.287063522689066319e-02
4.287063522689066319e-02
4.287063522689066319e-02
4.287063522689066319e-02
4.287063522689066319e-02
4.287063522689066319e-02
4.287063522689066319e-02
4.287063522689066319e-02
4.248434370244292407e-02
4.248434370244292407e-02
4.248434370244292407e-02
4.248434370244292407e-02
4.248434370244292407e-02
4.248434370244292407e-02
4.248434370244292407e-02
4.196662673735002819e-02
4.196662673735002819e-02
4.196662673735002819e-02
4.196662673735002819e-02
4.196662673735002819e-02
4.196662673735002819e-02
4.196662673735002819e-02
4.196662673735002819e-02
4.196662673735002819e-02
4.196662673735002819e-02
4.196662673735002819e-02
4.196662673735002819e-02
4.196662673735002819e-02
4.196662673735002819e-02
3.948136151555586837e-02
3.948136151555586837e-02
3.948136151555586837e-02
3.948136151555586837e-02
3.948136151555586837e-02
3.948136151555586837e-02
3.948136151555586837e-02
3.948136151555586837e-02
3.948136151555586837e-02
3.948136151555586837e-02
3.948136151555586837e-02
3.924107278708741792e-02
3.924107278708741792e-02
3.924107278708741792e-02
3.924107278708741792e-02
3.847669298399097881e-02
3.717859112186307907e-02
3.717859112186307907e-02
3.717859112186307907e-02
3.717859112186307907e-02
3.717859112186307907e-02
3.717859112186307907e-02
3.717859112186307907e-02
3.717859112186307907e-02
3.717859112186307907e-02
3.717859112186307907e-02
3.717859112186307907e-02
3.717859112186307907e-02
3.717859112186307907e-02
3.717859112186307907e-02
3.709526616388284653e-02
3.709526616388284653e-02
3.654726382718402611e-02
3.654726382718402611e-02
3.654726382718402611e-02
3.654726382718402611e-02
3.623819679399684773e-02
3.623819679399684773e-02
3.623819679399684773e-02
3.574122713906584259e-02
3.574122713906584259e-02
3.574122713906584259e-02
3.574122713906584259e-02
3.574122713906584259e-02
3.574122713906584259e-02
3.574122713906584259e-02
3.574122713906584259e-02
3.574122713906584259e-02
3.574122713906584259e-02
3.574122713906584259e-02
3.574122713906584259e-02
3.574122713906584259e-02
3.574122713906584259e-02
3.574122713906584259e-02
3.574122713906584259e-02
3.574122713906584259e-02
3.574122713906584259e-02
3.574122713906584259e-02
3.574122713906584259e-02
3.574122713906584259e-02
3.574122713906584259e-02
3.574122713906584259e-02
3.574122713906584259e-02
3.574122713906584259e-02
3.574122713906584259e-02
3.574122713906584259e-02
3.574122713906584259e-02
3.574122713906584259e-02
3.574122713906584259e-02
3.574122713906584259e-02
3.574122713906584259e-02
3.574122713906584259e-02
3.574122713906584259e-02
3.574122713906584259e-02
3.574122713906584259e-02
3.574122713906584259e-02
3.574122713906584259e-02
3.563799787201309827e-02
3.563799787201309827e-02
3.563799787201309827e-02
3.563799787201309827e-02
3.563799787201309827e-02
3.563799787201309827e-02
3.563799787201309827e-02
3.563799787201309827e-02
3.563799787201309827e-02
3.563799787201309827e-02
3.522796174988369194e-02
3.522796174988369194e-02
3.522796174988369194e-02
3.522796174988369194e-02
3.418845807191714381e-02
3.418845807191714381e-02
3.418845807191714381e-02
3.418845807191714381e-02
3.418845807191714381e-02
3.418845807191714381e-02
3.418845807191714381e-02
3.418845807191714381e-02
3.418845807191714381e-02
3.418845807191714381e-02
3.418845807191714381e-02
3.418845807191714381e-02
3.418845807191714381e-02
3.418845807191714381e-02
3.418845807191714381e-02
3.418845807191714381e-02
3.418845807191714381e-02
3.346973214518347145e-02
3.346973214518347145e-02
3.346973214518347145e-02
3.346973214518347145e-02
3.308190436782428717e-02
3.308190436782428717e-02
3.308190436782428717e-02
3.308190436782428717e-02
3.308190436782428717e-02
2.982166168157599981e-02
2.982166168157599981e-02
2.982166168157599981e-02
2.982166168157599981e-02
2.982166168157599981e-02
2.982166168157599981e-02
2.982166168157599981e-02
2.982166168157599981e-02
2.982166168157599981e-02
2.982166168157599981e-02
2.982166168157599981e-02
2.982166168157599981e-02
2.966910051057118983e-02
2.966910051057118983e-02
2.966910051057118983e-02
2.966910051057118983e-02
2.966910051057118983e-02
2.966910051057118983e-02
2.943070268246897672e-02
2.934998160178783205e-02
2.934998160178783205e-02
2.870961179476805639e-02
2.870961179476805639e-02
2.870961179476805639e-02
2.870961179476805639e-02
2.870961179476805639e-02
2.870961179476805639e-02
2.870961179476805639e-02
2.870961179476805639e-02
2.870961179476805639e-02
2.870961179476805639e-02
2.739154865928406998e-02
2.739154865928406998e-02
2.739154865928406998e-02
2.739154865928406998e-02
2.739154865928406998e-02
2.739154865928406998e-02
2.739154865928406998e-02
2.739154865928406998e-02
2.739154865928406998e-02
2.739154865928406998e-02
2.739154865928406998e-02
2.739154865928406998e-02
2.739154865928406998e-02
2.739154865928406998e-02
2.739154865928406998e-02
2.739154865928406998e-02
2.739154865928406998e-02
2.739154865928406998e-02
2.739154865928406998e-02
2.739154865928406998e-02
2.723200652169547806e-02
2.723200652169547806e-02
2.723200652169547806e-02
2.723200652169547806e-02
2.723200652169547806e-02
2.723200652169547806e-02
2.723200652169547806e-02
2.723200652169547806e-02
2.723200652169547806e-02
2.723200652169547806e-02
2.723200652169547806e-02
2.723200652169547806e-02
2.723200652169547806e-02
2.705953411770492881e-02
2.705953411770492881e-02
2.705953411770492881e-02
2.703567962815193668e-02
2.703567962815193668e-02
2.703567962815193668e-02
2.703567962815193668e-02
2.703567962815193668e-02
2.605300467471201656e-02
2.605300467471201656e-02
2.605300467471201656e-02
2.605300467471201656e-02
2.605300467471201656e-02
2.605300467471201656e-02
2.605300467471201656e-02
2.605300467471201656e-02
2.566385819999056350e-02
2.566385819999056350e-02
2.566385819999056350e-02
2.566385819999056350e-02
2.566385819999056350e-02
2.566385819999056350e-02
2.490273184712484336e-02
2.490273184712484336e-02
2.490273184712484336e-02
2.487824330161765227e-02
2.487824330161765227e-02
2.487824330161765227e-02
2.407607258311846368e-02
2.407607258311846368e-02
2.407607258311846368e-02
2.407607258311846368e-02
2.407607258311846368e-02
2.371008579482868084e-02
2.371008579482868084e-02
2.371008579482868084e-02
2.371008579482868084e-02
2.349747084092424637e-02
2.349747084092424637e-02
2.349747084092424637e-02
2.349747084092424637e-02
2.349747084092424637e-02
2.349747084092424637e-02
2.349747084092424637e-02
2.349747084092424637e-02
2.349747084092424637e-02
2.349747084092424637e-02
2.349747084092424637e-02
2.349747084092424637e-02
2.349747084092424637e-02
2.349747084092424637e-02
2.349747084092424637e-02
2.349747084092424637e-02
2.349747084092424637e-02
2.349747084092424637e-02
2.349747084092424637e-02
2.349747084092424637e-02
2.349747084092424637e-02
2.349747084092424637e-02
2.349747084092424637e-02
2.349747084092424637e-02
2.349747084092424637e-02
2.349747084092424637e-02
2.349747084092424637e-02
2.334429703981940815e-02
2.284439549113220086e-02
2.276272396830355052e-02
2.276272396830355052e-02
2.276272396830355052e-02
2.276272396830355052e-02
2.276272396830355052e-02
2.276272396830355052e-02
2.276272396830355052e-02
2.276272396830355052e-02
2.276272396830355052e-02
2.276272396830355052e-02
2.276272396830355052e-02
2.276272396830355052e-02
2.276272396830355052e-02
2.276272396830355052e-02
2.211697946008168297e-02
2.211697946008168297e-02
2.028969566814193409e-02
2.028969566814193409e-02
2.028969566814193409e-02
2.028969566814193409e-02
2.028969566814193409e-02
2.028969566814193409e-02
2.028969566814193409e-02
2.028969566814193409e-02
2.028969566814193409e-02
2.028969566814193409e-02
2.028969566814193409e-02
2.028969566814193409e-02
2.028969566814193409e-02
2.028969566814193409e-02
2.028969566814193409e-02
2.028969566814193409e-02
2.028969566814193409e-02
2.028969566814193409e-02
2.028969566814193409e-02
2.028969566814193409e-02
2.028969566814193409e-02
2.028969566814193409e-02
2.028969566814193409e-02
2.028969566814193409e-02
2.028969566814193409e-02
2.028969566814193409e-02
2.028969566814193409e-02
2.028969566814193409e-02
2.028969566814193409e-02
2.028969566814193409e-02
2.028969566814193409e-02
1.939268058953497881e-02
1.916506746354211185e-02
1.916506746354211185e-02
1.916506746354211185e-02
1.916506746354211185e-02
1.916506746354211185e-02
1.916506746354211185e-02
1.916506746354211185e-02
1.916506746354211185e-02
1.916506746354211185e-02
1.916506746354211185e-02
1.916506746354211185e-02
1.916506746354211185e-02
1.916506746354211185e-02
1.916506746354211185e-02
1.916506746354211185e-02
1.916506746354211185e-02
1.855306054055851084e-02
1.855306054055851084e-02
1.855306054055851084e-02
1.855306054055851084e-02
1.795843757518281528e-02
1.795843757518281528e-02
1.795843757518281528e-02
1.795843757518281528e-02
1.795843757518281528e-02
1.795843757518281528e-02
1.795843757518281528e-02
1.795843757518281528e-02
1.795843757518281528e-02
1.795843757518281528e-02
1.795843757518281528e-02
1.795843757518281528e-02
1.795843757518281528e-02
1.795843757518281528e-02
1.795843757518281528e-02
1.795843757518281528e-02
1.795843757518281528e-02
1.794082716002869116e-02
1.794082716002869116e-02
1.794082716002869116e-02
1.794082716002869116e-02
1.794082716002869116e-02
1.794082716002869116e-02
1.794082716002869116e-02
1.794082716002869116e-02
1.794082716002869116e-02
1.794082716002869116e-02
1.794082716002869116e-02
1.794082716002869116e-02
1.794082716002869116e-02
1.794082716002869116e-02
1.794082716002869116e-02
1.794082716002869116e-02
1.794082716002869116e-02
1.794082716002869116e-02
1.794082716002869116e-02
1.794082716002869116e-02
1.794082716002869116e-02
1.794082716002869116e-02
1.794082716002869116e-02
1.668870888611994480e-02
1.668870888611994480e-02
1.668870888611994480e-02
1.668870888611994480e-02
1.668870888611994480e-02
1.668870888611994480e-02
1.668870888611994480e-02
1.668870888611994480e-02
1.668870888611994480e-02
1.668870888611994480e-02
1.668870888611994480e-02
1.668870888611994480e-02
1.668870888611994480e-02
1.668870888611994480e-02
1.668870888611994480e-02
1.668870888611994480e-02
1.668870888611994480e-02
1.668870888611994480e-02
1.668870888611994480e-02
1.668870888611994480e-02
1.668870888611994480e-02
1.668870888611994480e-02
1.668870888611994480e-02
1.668870888611994480e-02
1.668870888611994480e-02
1.668870888611994480e-02
1.668870888611994480e-02
1.668870888611994480e-02
1.668870888611994480e-02
1.668870888611994480e-02
1.668870888611994480e-02
1.652740579426141901e-02
1.652740579426141901e-02
1.652740579426141901e-02
1.652740579426141901e-02
1.652740579426141901e-02
1.639921333477928345e-02
1.639921333477928345e-02
1.639921333477928345e-02
1.639921333477928345e-02
1.639921333477928345e-02
1.639921333477928345e-02
1.639921333477928345e-02
1.639921333477928345e-02
1.639921333477928345e-02
1.639921333477928345e-02
1.639921333477928345e-02
1.639921333477928345e-02
1.639921333477928345e-02
1.639921333477928345e-02
1.639921333477928345e-02
1.639921333477928345e-02
1.639921333477928345e-02
1.639921333477928345e-02
1.639921333477928345e-02
1.639921333477928345e-02
1.639921333477928345e-02
1.639921333477928345e-02
1.639921333477928345e-02
1.639921333477928345e-02
1.639921333477928345e-02
1.639921333477928345e-02
1.639921333477928345e-02
1.628902619323998463e-02
1.628902619323998463e-02
1.628902619323998463e-02
1.628902619323998463e-02
1.628902619323998463e-02
1.628902619323998463e-02
1.586090696982903753e-02
1.586090696982903753e-02
1.586090696982903753e-02
1.586090696982903753e-02
1.586090696982903753e-02
1.586090696982903753e-02
1.586090696982903753e-02
1.586090696982903753e-02
1.586090696982903753e-02
1.586090696982903753e-02
1.584127990231876462e-02
1.584127990231876462e-02
1.584127990231876462e-02
1.584127990231876462e-02
1.584127990231876462e-02
1.584127990231876462e-02
1.584127990231876462e-02
1.584127990231876462e-02
1.584127990231876462e-02
1.584127990231876462e-02
1.584127990231876462e-02
1.584127990231876462e-02
1.584127990231876462e-02
1.584127990231876462e-02
1.584127990231876462e-02
1.584127990231876462e-02
1.584127990231876462e-02
1.584127990231876462e-02
1.584127990231876462e-02
1.584127990231876462e-02
1.584127990231876462e-02
1.584127990231876462e-02
1.584127990231876462e-02
1.584127990231876462e-02
1.584127990231876462e-02
1.584127990231876462e-02
1.584127990231876462e-02
1.584127990231876462e-02
1.584127990231876462e-02
1.584127990231876462e-02
1.584127990231876462e-02
1.584127990231876462e-02
1.584127990231876462e-02
1.584127990231876462e-02
1.584127990231876462e-02
1.584127990231876462e-02
1.584127990231876462e-02
1.584127990231876462e-02
1.584127990231876462e-02
1.584127990231876462e-02
1.584127990231876462e-02
1.584127990231876462e-02
1.584127990231876462e-02
1.584127990231876462e-02
1.584127990231876462e-02
1.584127990231876462e-02
1.584127990231876462e-02
1.584127990231876462e-02
1.584127990231876462e-02
1.584127990231876462e-02
1.491613403686363817e-02
1.491613403686363817e-02
1.491613403686363817e-02
1.491613403686363817e-02
1.491613403686363817e-02
1.491613403686363817e-02
1.486832354208370705e-02
1.486832354208370705e-02
1.486832354208370705e-02
1.486832354208370705e-02
1.486832354208370705e-02
1.486832354208370705e-02
1.486832354208370705e-02
1.486832354208370705e-02
1.486832354208370705e-02
1.486832354208370705e-02
1.486832354208370705e-02
1.463384595740591272e-02
1.463384595740591272e-02
1.463384595740591272e-02
1.463384595740591272e-02
1.463384595740591272e-02
1.463384595740591272e-02
1.463384595740591272e-02
1.463384595740591272e-02
1.463384595740591272e-02
1.463384595740591272e-02
1.463384595740591272e-02
1.463384595740591272e-02
1.332218363754234490e-02
1.332218363754234490e-02
1.332218363754234490e-02
1.332218363754234490e-02
1.332218363754234490e-02
1.332218363754234490e-02
1.332218363754234490e-02
1.332218363754234490e-02
1.332218363754234490e-02
1.332218363754234490e-02
1.332218363754234490e-02
1.332218363754234490e-02
1.332218363754234490e-02
1.332218363754234490e-02
1.332218363754234490e-02
1.330445803084584835e-02
1.330445803084584835e-02
1.330445803084584835e-02
1.330445803084584835e-02
1.330445803084584835e-02
1.330445803084584835e-02
1.330445803084584835e-02
1.330445803084584835e-02
1.330445803084584835e-02
1.330445803084584835e-02
1.330445803084584835e-02
1.330445803084584835e-02
1.330445803084584835e-02
1.330445803084584835e-02
1.330445803084584835e-02
1.330445803084584835e-02
1.330445803084584835e-02
1.330445803084584835e-02
1.330445803084584835e-02
1.330445803084584835e-02
1.330445803084584835e-02
1.330445803084584835e-02
1.330445803084584835e-02
1.330445803084584835e-02
1.330445803084584835e-02
1.330445803084584835e-02
1.330445803084584835e-02
1.330445803084584835e-02
1.330445803084584835e-02
1.330445803084584835e-02
1.330445803084584835e-02
1.330445803084584835e-02
1.330445803084584835e-02
1.330445803084584835e-02
1.330445803084584835e-02
1.330445803084584835e-02
1.330445803084584835e-02
1.330445803084584835e-02
1.330445803084584835e-02
1.330445803084584835e-02
1.330445803084584835e-02
1.330445803084584835e-02
1.330445803084584835e-02
1.330445803084584835e-02
1.330445803084584835e-02
1.330445803084584835e-02
1.330445803084584835e-02
1.330445803084584835e-02
1.330445803084584835e-02
1.330445803084584835e-02
1.330445803084584835e-02
1.330445803084584835e-02
1.330445803084584835e-02
1.330445803084584835e-02
1.330445803084584835e-02
1.330445803084584835e-02
1.330445803084584835e-02
1.330445803084584835e-02
1.330445803084584835e-02
1.330445803084584835e-02
