5.584817898954715580e+07
4.874655344246602803e+07
4.247292555537330359e+07
3.700592264836341143e+07
3.327393072030719742e+07
3.021753433380684629e+07
2.600323427027621493e+07
2.262888368655684590e+07
2.043080986862848699e+07
1.875901965069699287e+07
1.687897958685860783e+07
1.455696833842563815e+07
1.347744348852330074e+07
1.171438280007860251e+07
1.093226471286773682e+07
9.746794540974605829e+06
8.656974552978416905e+06
8.124579734634992667e+06
7.335103311370704323e+06
6.607010418109430932e+06
5.857905800403509289e+06
5.369851260076307692e+06
4.876736370978916995e+06
4.455319835365167819e+06
4.048391718481728341e+06
3.752174038986352272e+06
3.477408597453727387e+06
3.095516359947270714e+06
2.891876641690983903e+06
2.630299720036329236e+06
2.450090893873709720e+06
2.278503527830785606e+06
2.087673501876724884e+06
1.905167003703810973e+06
1.805354979019334773e+06
1.719916273505127989e+06
1.637038059387398185e+06
1.520612003790487302e+06
1.431931157513394719e+06
1.379128803842656780e+06
1.250634923547107261e+06
1.210544603534987662e+06
1.136331709356200416e+06
1.096769092850951245e+06
1.059452306138904765e+06
1.027635586326569668e+06
9.693079782489952631e+05
9.409355088725766400e+05
9.072946718704025261e+05
8.746696303402764024e+05
8.319303693883046508e+05
7.912165182167600142e+05
7.597972078075649915e+05
7.285108724873884348e+05
6.963583189222356305e+05
6.663811439575100085e+05
6.298530540551390732e+05
5.974227097026845440e+05
5.831611516137253493e+05
5.546763429370400263e+05
5.333948419321568217e+05
5.231384828100805753e+05
5.088034063394920086e+05
4.980937997678818065e+05
4.770988060234138393e+05
4.708510321101227310e+05
4.613310014691419783e+05
4.399443261330892565e+05
4.304764358934465563e+05
4.195786145526376786e+05
4.083723211204545223e+05
3.984266424467019970e+05
3.953520838448716677e+05
3.917946183224687120e+05
3.762053690629234770e+05
3.642204702818731312e+05
3.579906709076391417e+05
3.470000286648180918e+05
3.376474057170415181e+05
3.344978470826858538e+05
3.337661044080237625e+05
3.304331546157585108e+05
3.207194698209036724e+05
3.197329694085809751e+05
3.130975940562728792e+05
3.102324614716491196e+05
3.055217888909543981e+05
2.954890932116744807e+05
2.876115197474174784e+05
2.853411187193946680e+05
2.822060824670452857e+05
2.810012602506070398e+05
2.794531776830033050e+05
2.786752667455443880e+05
2.786752667455443880e+05
2.778942854562963475e+05
2.694319257926253485e+05
2.659855151338457945e+05
2.621442812998492154e+05
2.612680779197939264e+05
2.569582234597026836e+05
2.505560753435521328e+05
2.497916913710313966e+05
2.444951849084327696e+05
2.401365048490147165e+05
2.362557795681191492e+05
2.339998145565174345e+05
2.320552691782618931e+05
2.284062231697429961e+05
2.284062231697429961e+05
2.202397474192125374e+05
2.195159304909749189e+05
2.187208921085589100e+05
2.169650701755910122e+05
2.132669105646513926e+05
2.086684945700490498e+05
2.074850792003872339e+05
2.058583039517268189e+05
2.032991859482761938e+05
1.983760133228608756e+05
1.983760133228608756e+05
1.983760133228608756e+05
1.969885332852692518e+05
1.946290968849482306e+05
1.940082811840608192e+05
1.927743026075787784e+05
1.920925074444727215e+05
1.905467398209043313e+05
1.905467398209043313e+05
1.891170739974617027e+05
1.883483308957110567e+05
1.878200935917781899e+05
1.878039208800059278e+05
1.865703352934975992e+05
1.862469699458756077e+05
1.849682404986172915e+05
1.849682404986172915e+05
1.846149216090609552e+05
1.846149216090609552e+05
1.828588232323604170e+05
1.828588232323604170e+05
1.801557114756477240e+05
1.795884020500660699e+05
1.773990161785643722e+05
1.769545146410738816e+05
1.761314099628636031e+05
1.758032169544008502e+05
1.754455194824234350e+05
1.749256762024395866e+05
1.744704136546315567e+05
1.720769543576156138e+05
1.713135424934547918e+05
1.713135424934547918e+05
1.704347540382470761e+05
1.704347540382470761e+05
1.704347540382470761e+05
1.697832701498839015e+05
1.687045709109902673e+05
1.687045709109902673e+05
1.687045709109902673e+05
1.673307673775397416e+05
1.655393571830365981e+05
1.650300079297802004e+05
1.650300079297802004e+05
1.631330864961745683e+05
1.622372084824489721e+05
1.622372084824489721e+05
1.613628662661066337e+05
1.613628662661066337e+05
1.595324770605117665e+05
1.595324770605117665e+05
1.586337436781936267e+05
1.573745515554826998e+05
1.560290965105591458e+05
1.560290965105591458e+05
1.544413969721572939e+05
1.526006645361304109e+05
1.526006645361304109e+05
1.517519631473550689e+05
1.501518170097769471e+05
1.499448403403694101e+05
1.495759144298350147e+05
1.495759144298350147e+05
1.484937311116253841e+05
1.465044656158626603e+05
1.453838626462115499e+05
1.453838626462115499e+05
1.451495221220294770e+05
1.444446191231384582e+05
1.444446191231384582e+05
1.444446191231384582e+05
1.444446191231384582e+05
1.444446191231384582e+05
1.430137640963321901e+05
1.411469879973983916e+05
1.403702471369297709e+05
1.389707049873191863e+05
1.389707049873191863e+05
1.389707049873191863e+05
1.385720711457702564e+05
1.385720711457702564e+05
1.385720711457702564e+05
1.385720711457702564e+05
1.380235309165678918e+05
1.353304644619645260e+05
1.353304644619645260e+05
1.350395276834081160e+05
1.350191585537506908e+05
1.332374870001849486e+05
1.332374870001849486e+05
1.332374870001849486e+05
1.331880189789524011e+05
1.331880189789524011e+05
1.330687251092957449e+05
1.326061813828435552e+05
1.310919361736013961e+05
1.310919361736013961e+05
1.301267368998581805e+05
1.297757117161092901e+05
1.297757117161092901e+05
1.295447969480053580e+05
1.295447969480053580e+05
1.295447969480053580e+05
1.286673823129627854e+05
1.286673823129627854e+05
1.281101068130046042e+05
1.272220952559447614e+05
1.272220952559447614e+05
1.257597939908937842e+05
1.252726106894756522e+05
1.240295105838488380e+05
1.226172421204457060e+05
1.214203652515772555e+05
1.214203652515772555e+05
1.214203652515772555e+05
1.194043092999242217e+05
1.190702110570103250e+05
1.190702110570103105e+05
1.174657714003731671e+05
1.164643862416735501e+05
1.162564721354593057e+05
1.160912296946975548e+05
1.160912296946975548e+05
1.160912296946975548e+05
1.160912296946975548e+05
1.155759271146903484e+05
1.155759271146903484e+05
1.154062525604788680e+05
1.154062525604788680e+05
1.154062525604788680e+05
1.145057408481400780e+05
1.145057408481400780e+05
1.139205662005189806e+05
1.139205662005189806e+05
1.139205662005189806e+05
1.139205662005189806e+05
1.139205662005189806e+05
1.139205662005189806e+05
1.139205662005189806e+05
1.139205662005189806e+05
1.138517173260048439e+05
1.138517173260048439e+05
1.138517173260048439e+05
1.138517173260048439e+05
1.138517173260048439e+05
1.129916351683742832e+05
1.129916351683742832e+05
1.129916351683742832e+05
1.121986039488665119e+05
1.087671395717037522e+05
1.087671395717037522e+05
1.087671395717037522e+05
1.087671395717037522e+05
1.087671395717037522e+05
1.086606789109125093e+05
1.083636300561220996e+05
1.083636300561220996e+05
1.083636300561220996e+05
1.083636300561220996e+05
1.083636300561220996e+05
1.072389067241403100e+05
1.072389067241403100e+05
1.072389067241403100e+05
1.072389067241403100e+05
1.072389067241403100e+05
1.072389067241403100e+05
1.051609052070642938e+05
1.051609052070642938e+05
1.051609052070642938e+05
1.049833060558066209e+05
1.045939807247643475e+05
1.045939807247643475e+05
1.045939807247643475e+05
1.039908561883319635e+05
1.039908561883319635e+05
1.034974430825453019e+05
1.034580614405604865e+05
1.028826625446018006e+05
1.028562722157886164e+05
1.027123486215209123e+05
1.027123486215209123e+05
1.025460604824967304e+05
1.025460604824967304e+05
1.017870455937057268e+05
1.017870455937057268e+05
1.017870455937057413e+05
1.017870455937057268e+05
1.004483160463270033e+05
9.941870096992531035e+04
9.941870096992531035e+04
9.839338295469999139e+04
9.694765039774034813e+04
9.687114368473697687e+04
9.687114368473697687e+04
9.687114368473697687e+04
9.687114368473697687e+04
9.619609865026500484e+04
9.458250647307733016e+04
9.441173137304488046e+04
9.431729102964390768e+04
9.398060862442126381e+04
9.398060862442124926e+04
9.398060862442124926e+04
9.398060862442124926e+04
9.217961108732903085e+04
9.217961108732903085e+04
9.158686477431132516e+04
9.158686477431132516e+04
9.158686477431133972e+04
9.113263238578304299e+04
9.113263238578304299e+04
9.113263238578304299e+04
9.113263238578304299e+04
9.113263238578304299e+04
9.027715249879541807e+04
9.021384721281495877e+04
9.021384721281495877e+04
9.021384721281495877e+04
9.021384721281495877e+04
9.014935515746806050e+04
9.014935515746806050e+04
9.014935515746806050e+04
8.882661116319372377e+04
8.850277325691604347e+04
8.839973039087017241e+04
8.802330781469537760e+04
8.802330781469537760e+04
8.802330781469537760e+04
8.802330781469537760e+04
8.802330781469537760e+04
8.758833345972903771e+04
8.726239643767219968e+04
8.726239643767219968e+04
8.726239643767219968e+04
8.690212291785953857e+04
8.656213400040830311e+04
8.483353149133500119e+04
8.472723016859251948e+04
8.435517849093032419e+04
8.435517849093032419e+04
8.400067694345948985e+04
8.400067694345948985e+04
8.400067694345948985e+04
8.354839575754207908e+04
8.323587427923239011e+04
8.323587427923239011e+04
8.323587427923239011e+04
8.323587427923239011e+04
8.323587427923239011e+04
8.323587427923239011e+04
8.323587427923239011e+04
8.323587427923239011e+04
8.144150185705251351e+04
8.144150185705251351e+04
8.144150185705251351e+04
8.144150185705251351e+04
8.144150185705251351e+04
8.144150185705251351e+04
8.082824271317014063e+04
8.082824271317014063e+04
8.082824271317014063e+04
8.082824271317014063e+04
8.082824271317014063e+04
8.082824271317014063e+04
8.082824271317014063e+04
8.082824271317015518e+04
7.974273028078673815e+04
7.932623188533546636e+04
7.895871181989424804e+04
7.895871181989426259e+04
7.863301602902477316e+04
7.813099616971098294e+04
7.813099616971098294e+04
7.775214580447108892e+04
7.767940670870726171e+04
7.767940670870726171e+04
7.767940670870726171e+04
7.767940670870726171e+04
7.767940670870726171e+04
7.767940670870726171e+04
7.635823424648231594e+04
7.588604397535913449e+04
7.531822081242348941e+04
7.531822081242348941e+04
7.531822081242348941e+04
7.493630131226661615e+04
7.493630131226661615e+04
7.418145025255893415e+04
7.418145025255893415e+04
7.418145025255893415e+04
7.416425510846299585e+04
7.416425510846299585e+04
7.416425510846299585e+04
7.416425510846299585e+04
7.396226841263262031e+04
7.396226841263262031e+04
7.391156263515909086e+04
7.354176847010994970e+04
7.354176847010994970e+04
7.354176847010994970e+04
7.354176847010994970e+04
7.354176847010994970e+04
7.354176847010994970e+04
7.354176847010994970e+04
7.354176847010994970e+04
7.354176847010994970e+04
7.354176847010994970e+04
7.354176847010994970e+04
7.354176847010994970e+04
7.354176847010994970e+04
7.354176847010994970e+04
7.270806133387523005e+04
7.270806133387523005e+04
7.270806133387523005e+04
7.270806133387523005e+04
7.270806133387523005e+04
7.241463928678529919e+04
7.241463928678529919e+04
7.241463928678529919e+04
7.241463928678529919e+04
7.213677876982888847e+04
7.213677876982888847e+04
7.213677876982888847e+04
7.213677876982888847e+04
7.172276513040791906e+04
7.152795543871786504e+04
7.152795543871786504e+04
7.078103963721018226e+04
7.078103963721018226e+04
7.027125658414521604e+04
7.027125658414521604e+04
7.027125658414521604e+04
7.027125658414521604e+04
7.027125658414521604e+04
7.027125658414521604e+04
7.027125658414521604e+04
7.027125658414521604e+04
7.027125658414521604e+04
6.991187739376124227e+04
6.991187739376124227e+04
6.991187739376124227e+04
6.991187739376124227e+04
6.991187739376124227e+04
6.991187739376124227e+04
6.991187739376124227e+04
6.991187739376124227e+04
6.991187739376124227e+04
6.991187739376124227e+04
6.868813290526348283e+04
6.853029999324258824e+04
6.853029999324258824e+04
6.828462417462021403e+04
6.828462417462021403e+04
6.828462417462021403e+04
6.828462417462021403e+04
6.828462417462021403e+04
6.828462417462021403e+04
6.801468599179088778e+04
6.773600102271110518e+04
6.773600102271110518e+04
6.773600102271110518e+04
6.773600102271110518e+04
6.773600102271110518e+04
6.773600102271110518e+04
6.773600102271110518e+04
6.773600102271110518e+04
6.771272193554442492e+04
6.741867106426182727e+04
6.691863733996752126e+04
6.691863733996752126e+04
6.691863733996752126e+04
6.673354488930797379e+04
6.673354488930797379e+04
6.673354488930797379e+04
6.673354488930797379e+04
6.673354488930797379e+04
6.673354488930797379e+04
6.639547430954995798e+04
6.639547430954995798e+04
6.639547430954995798e+04
6.639547430954995798e+04
6.639547430954995798e+04
6.628053027261629177e+04
6.628053027261629177e+04
6.594235734226317436e+04
6.594235734226317436e+04
6.594235734226317436e+04
6.594235734226317436e+04
6.594235734226317436e+04
6.594235734226317436e+04
6.594235734226317436e+04
6.594235734226317436e+04
6.594235734226317436e+04
6.594235734226317436e+04
6.594235734226317436e+04
6.594235734226317436e+04
6.594235734226317436e+04
6.594235734226317436e+04
6.594235734226317436e+04
6.594235734226317436e+04
6.582991886131910724e+04
6.582991886131910724e+04
6.582991886131910724e+04
6.582991886131910724e+04
6.582991886131910724e+04
6.582991886131910724e+04
6.582991886131910724e+04
6.582991886131910724e+04
6.582991886131910724e+04
6.508186718857038068e+04
6.501686455472928355e+04
6.501686455472928355e+04
6.501686455472928355e+04
6.487942617036750016e+04
6.464055614499353396e+04
6.464055614499353396e+04
6.464055614499353396e+04
6.464055614499353396e+04
6.464055614499353396e+04
6.454396135066523857e+04
6.431394223050300207e+04
6.431394223050300207e+04
6.388227735230194230e+04
6.388227735230194230e+04
6.360934568235453480e+04
6.360934568235453480e+04
6.360934568235454208e+04
6.360934568235453480e+04
6.358399281311131199e+04
6.358399281311131199e+04
6.358399281311131199e+04
6.305551425574479799e+04
6.305551425574479799e+04
6.305551425574479799e+04
6.305551425574479799e+04
6.264154881870912504e+04
6.264154881870912504e+04
6.261712178745615529e+04
6.248610461257796851e+04
6.248610461257796851e+04
6.248610461257796851e+04
6.248610461257796851e+04
6.248610461257796851e+04
6.248610461257796851e+04
6.248610461257796851e+04
6.134744908395803213e+04
6.126003481254926737e+04
6.109417911959625781e+04
6.109417911959625781e+04
6.109417911959625781e+04
6.109417911959625781e+04
6.088131238292642229e+04
6.088131238292642229e+04
6.088131238292642229e+04
6.088131238292642229e+04
6.088131238292642229e+04
6.088131238292642229e+04
6.018372328791306063e+04
6.018372328791306063e+04
5.923597073328423721e+04
5.923597073328423721e+04
5.923597073328423721e+04
5.923597073328423721e+04
5.923597073328423721e+04
5.923597073328423721e+04
5.923597073328423721e+04
5.923597073328423721e+04
5.923597073328423721e+04
5.923597073328423721e+04
5.923597073328423721e+04
5.923597073328423721e+04
5.923597073328423721e+04
5.923597073328423721e+04
5.923597073328423721e+04
5.923597073328423721e+04
5.923597073328423721e+04
5.923597073328423721e+04
5.923597073328422994e+04
5.923597073328423721e+04
5.923597073328423721e+04
5.923597073328423721e+04
5.923597073328423721e+04
5.923597073328423721e+04
5.923597073328423721e+04
5.923597073328423721e+04
5.923597073328423721e+04
5.923597073328423721e+04
5.923597073328423721e+04
5.923597073328423721e+04
5.923597073328423721e+04
5.923597073328423721e+04
5.923597073328423721e+04
5.923597073328423721e+04
5.923597073328423721e+04
5.923597073328423721e+04
5.923597073328423721e+04
5.923597073328423721e+04
5.923597073328422994e+04
5.923597073328423721e+04
5.923597073328423721e+04
5.923597073328423721e+04
5.923597073328423721e+04
5.923597073328423721e+04
5.923597073328423721e+04
5.923597073328423721e+04
5.901407550797305885e+04
5.901407550797305885e+04
5.901407550797304430e+04
5.901407550797305885e+04
5.901407550797305885e+04
5.901407550797305885e+04
5.901407550797305885e+04
5.899742316929042136e+04
5.899742316929042136e+04
5.899742316929042136e+04
5.899742316929042136e+04
5.899742316929042136e+04
5.897608155137905851e+04
5.897608155137905851e+04
5.897608155137905851e+04
5.897608155137905851e+04
5.897608155137905851e+04
5.897608155137905851e+04
5.897608155137905851e+04
5.897608155137905851e+04
5.897608155137905851e+04
5.897608155137905851e+04
5.897608155137905851e+04
5.897608155137905851e+04
5.885547643899939430e+04
5.885547643899939430e+04
5.885547643899939430e+04
5.885547643899939430e+04
5.860516295829594310e+04
5.860516295829594310e+04
5.860516295829594310e+04
5.860516295829594310e+04
5.842471741843460768e+04
5.822823671195389761e+04
5.822823671195389761e+04
5.822823671195389761e+04
5.822823671195389761e+04
5.822823671195389761e+04
5.822823671195389761e+04
5.822823671195389761e+04
5.778790203724695311e+04
5.778790203724695311e+04
5.693011667750393826e+04
5.693011667750393826e+04
5.693011667750393826e+04
5.693011667750393826e+04
5.693011667750393826e+04
5.693011667750393826e+04
5.693011667750393826e+04
5.693011667750393826e+04
5.693011667750393826e+04
5.693011667750393826e+04
5.693011667750393826e+04
5.693011667750393826e+04
5.693011667750393826e+04
5.691250112615102262e+04
5.691250112615102262e+04
5.691250112615102262e+04
5.691250112615102262e+04
5.691250112615102262e+04
5.691250112615102262e+04
5.691250112615102262e+04
5.691250112615102262e+04
5.691250112615102262e+04
5.691250112615102262e+04
5.691250112615102262e+04
5.691250112615102262e+04
5.691250112615102262e+04
5.691250112615102262e+04
5.691250112615102262e+04
5.691250112615102262e+04
5.691250112615102262e+04
5.691250112615102262e+04
5.691250112615102262e+04
5.653715192925447627e+04
5.653715192925447627e+04
5.653715192925447627e+04
5.653715192925447627e+04
5.653715192925447627e+04
5.653715192925447627e+04
5.624887131054505880e+04
5.624887131054505880e+04
5.624887131054505880e+04
5.624887131054505880e+04
5.624887131054505880e+04
5.624887131054505880e+04
5.624887131054505880e+04
5.624887131054503698e+04
5.624887131054505880e+04
5.624887131054505880e+04
5.624887131054503698e+04
5.624887131054505880e+04
5.624887131054505880e+04
5.624887131054505880e+04
5.624887131054505880e+04
5.624887131054505880e+04
5.624887131054505880e+04
5.612796935161418514e+04
5.612796935161418514e+04
5.612796935161418514e+04
5.612796935161418514e+04
5.612796935161418514e+04
5.612796935161418514e+04
5.612796935161418514e+04
5.612796935161418514e+04
5.612796935161418514e+04
5.612796935161418514e+04
5.612796935161418514e+04
5.612796935161418514e+04
5.612796935161418514e+04
5.612796935161418514e+04
5.612796935161418514e+04
5.612796935161418514e+04
5.571795186264851509e+04
5.571795186264851509e+04
5.571795186264851509e+04
5.571795186264851509e+04
5.571795186264850054e+04
5.571795186264851509e+04
5.571795186264851509e+04
5.571795186264849326e+04
5.571795186264851509e+04
5.571795186264851509e+04
5.571795186264851509e+04
5.571795186264851509e+04
5.571795186264851509e+04
5.571795186264851509e+04
5.457903707804370060e+04
5.457903707804370060e+04
5.457903707804370060e+04
5.457903707804370060e+04
5.457903707804368605e+04
5.457903707804370060e+04
5.457903707804370060e+04
5.442892192211894871e+04
5.442892192211894871e+04
5.442892192211894871e+04
5.442892192211894871e+04
5.442892192211894871e+04
5.422822424243382557e+04
5.422822424243382557e+04
5.422822424243382557e+04
5.418158667338324449e+04
5.418158667338324449e+04
5.418158667338324449e+04
5.418158667338324449e+04
5.418158667338324449e+04
5.418158667338324449e+04
5.418158667338324449e+04
5.418158667338324449e+04
5.418158667338324449e+04
5.418158667338324449e+04
5.418158667338324449e+04
5.349867436395055120e+04
5.349867436395055120e+04
5.349867436395055120e+04
5.349867436395055120e+04
5.337079102454099484e+04
5.323921457512854977e+04
5.323921457512854977e+04
5.323921457512854977e+04
5.323921457512854977e+04
5.323921457512854977e+04
5.323921457512854977e+04
5.323921457512854977e+04
5.323921457512854977e+04
5.323921457512854977e+04
5.315893091270457808e+04
5.315893091270457808e+04
5.315893091270457808e+04
5.315893091270457808e+04
5.315893091270457808e+04
5.315893091270457808e+04
5.315893091270457808e+04
5.315893091270457808e+04
5.314925024238156766e+04
5.314925024238156766e+04
5.314925024238156766e+04
5.314925024238156766e+04
5.314925024238156766e+04
5.314925024238156766e+04
5.223825377880322048e+04
5.223825377880322048e+04
5.223825377880322048e+04
5.223825377880322048e+04
5.223825377880322048e+04
5.223825377880322048e+04
5.223825377880322048e+04
5.223825377880322048e+04
5.223825377880322048e+04
5.223825377880322048e+04
5.223825377880322048e+04
5.223825377880322048e+04
5.223825377880322048e+04
5.223825377880322048e+04
5.223825377880322048e+04
5.223825377880322048e+04
5.223825377880322048e+04
5.212634441141478601e+04
5.212634441141478601e+04
5.212634441141478601e+04
5.212634441141478601e+04
5.212634441141478601e+04
5.212634441141478601e+04
5.212634441141478601e+04
5.212634441141478601e+04
5.212634441141478601e+04
5.212634441141478601e+04
5.212634441141478601e+04
5.212634441141478601e+04
5.212634441141478601e+04
5.212634441141478601e+04
5.179295452424725954e+04
5.179295452424725954e+04
5.130317622590493556e+04
5.130317622590493556e+04
5.130317622590493556e+04
5.130317622590493556e+04
5.130317622590493556e+04
5.130317622590493556e+04
5.130317622590493556e+04
5.130317622590493556e+04
5.130317622590493556e+04
5.124599447038233484e+04
5.124599447038233484e+04
5.124599447038233484e+04
5.124599447038233484e+04
5.124599447038233484e+04
5.124599447038233484e+04
5.124599447038233484e+04
5.124599447038233484e+04
5.124599447038233484e+04
5.124599447038233484e+04
5.124599447038233484e+04
5.124599447038233484e+04
5.124599447038233484e+04
5.124599447038233484e+04
5.124599447038233484e+04
5.124599447038233484e+04
5.124599447038233484e+04
5.124599447038233484e+04
5.124599447038233484e+04
5.124599447038233484e+04
5.124599447038233484e+04
5.124599447038233484e+04
5.124599447038233484e+04
5.124599447038233484e+04
5.124599447038233484e+04
5.124599447038233484e+04
5.112501937573940813e+04
5.112501937573940813e+04
5.112501937573940813e+04
5.112501937573940813e+04
5.112501937573940813e+04
5.112501937573940813e+04
5.093499711787597334e+04
5.093499711787597334e+04
5.093499711787597334e+04
5.093499711787597334e+04
5.093499711787597334e+04
5.093499711787597334e+04
5.093499711787597334e+04
5.081373576001179026e+04
5.081373576001179026e+04
5.081373576001179026e+04
5.081373576001179026e+04
5.081373576001179026e+04
5.081373576001179026e+04
5.081373576001179026e+04
5.070864434875178267e+04
5.070864434875178267e+04
5.070864434875178267e+04
5.070864434875178267e+04
5.070864434875178267e+04
5.070864434875178267e+04
5.061660910143546789e+04
5.061660910143546789e+04
5.061660910143546789e+04
5.061660910143546789e+04
5.061660910143546789e+04
5.061660910143546789e+04
5.061660910143546789e+04
5.061660910143546789e+04
5.061660910143546789e+04
5.061660910143546789e+04
5.061660910143546789e+04
5.061660910143546789e+04
5.061660910143546789e+04
5.061660910143546789e+04
5.061660910143546789e+04
4.990979395988908800e+04
4.990979395988908800e+04
4.990979395988908800e+04
4.990979395988908800e+04
4.990979395988908800e+04
4.990979395988908800e+04
4.990979395988908800e+04
4.990979395988908800e+04
4.990979395988908800e+04
4.990979395988908800e+04
4.990979395988908800e+04
4.990979395988908800e+04
4.990979395988908800e+04
4.990979395988908800e+04
4.990979395988908800e+04
4.990979395988908800e+04
4.990979395988908800e+04
4.990979395988908800e+04
4.990979395988908800e+04
4.990979395988908800e+04
4.990979395988908800e+04
4.990979395988908800e+04
4.990979395988908800e+04
4.990979395988908800e+04
4.990979395988908800e+04
4.990979395988908800e+04
4.990979395988908800e+04
4.990979395988908800e+04
4.990979395988908800e+04
4.990979395988908800e+04
4.990979395988908800e+04
4.990979395988908800e+04
4.990979395988908800e+04
4.990979395988908800e+04
4.963418408603616263e+04
4.963418408603616263e+04
4.963418408603616263e+04
4.963418408603616263e+04
4.963418408603616263e+04
4.963418408603616263e+04
4.963418408603616263e+04
4.963418408603616263e+04
4.963418408603616263e+04
4.963418408603616263e+04
4.963418408603616263e+04
4.963418408603616263e+04
4.963418408603616263e+04
4.963418408603616263e+04
4.963418408603616263e+04
4.949153977851790842e+04
4.949153977851790842e+04
4.949153977851790842e+04
4.949153977851790842e+04
4.949153977851790842e+04
4.949153977851790842e+04
4.949153977851790842e+04
4.949153977851790842e+04
4.949153977851790842e+04
4.949153977851790842e+04
4.949153977851790842e+04
4.949153977851790842e+04
4.949153977851790842e+04
4.949153977851790842e+04
4.918322551183764153e+04
4.918322551183764153e+04
4.918322551183764153e+04
4.918322551183764153e+04
4.918322551183764153e+04
4.918322551183764153e+04
4.918322551183764153e+04
4.918322551183764153e+04
4.918322551183764153e+04
4.918322551183764153e+04
4.918322551183764153e+04
4.918322551183764153e+04
4.918322551183764153e+04
4.918322551183764153e+04
4.918322551183764153e+04
4.918322551183764153e+04
4.918322551183764153e+04
4.918322551183764153e+04
4.918322551183764153e+04
4.911575733846451476e+04
4.911575733846451476e+04
4.911575733846451476e+04
