4.355624725474907458e+07
3.938015509472497553e+07
3.529598612974991649e+07
3.079816955858742446e+07
2.745396297892616689e+07
2.351249836881301925e+07
1.925317572284029797e+07
1.691324672777821869e+07
1.503653564903330244e+07
1.319738971981029585e+07
1.197288039839416556e+07
1.066690522543466836e+07
9.595330495741957799e+06
8.700654674775054678e+06
7.516983562095972709e+06
6.768816827109182253e+06
6.187203074578491971e+06
5.707654016033859923e+06
4.886936732638178393e+06
4.444745936449911445e+06
3.783962018041932490e+06
3.497386915040662978e+06
3.188780132147515658e+06
2.951933159354088362e+06
2.718820531293971464e+06
2.522816661404925864e+06
2.302637144749879371e+06
2.209011839272567537e+06
2.013011058755632024e+06
1.902540620553422486e+06
1.807732187947607832e+06
1.695645848017030396e+06
1.553603354197679088e+06
1.464958436744311824e+06
1.390508092634851346e+06
1.297242510033436352e+06
1.286823506274774205e+06
1.186921071123852627e+06
1.106774862447093707e+06
1.070384695119900163e+06
1.032189482806625427e+06
9.727042316529339878e+05
9.322430803383082384e+05
9.074205634840462590e+05
8.841177565253222128e+05
8.722545168693221640e+05
8.586262871166273253e+05
8.055927711285650730e+05
7.824839333084136015e+05
7.114700841854559258e+05
6.819435092674355255e+05
6.700790849585616961e+05
6.527739452679264359e+05
6.427044267407516018e+05
6.254922037180892657e+05
6.085465247269190149e+05
5.924784001493019750e+05
5.774099820407254156e+05
5.638141058712856611e+05
5.497337061929395422e+05
5.325802655854264740e+05
5.279423207493486116e+05
5.169971611441549612e+05
4.945965768708859105e+05
4.873373229052923271e+05
4.774712278611136135e+05
4.691999996853346820e+05
4.493918011834097560e+05
4.401278898758478463e+05
4.265715563267834368e+05
4.158324326301137335e+05
4.070973457104934496e+05
4.006233473957812530e+05
3.961398720006275107e+05
3.853483043837572914e+05
3.817010952505212044e+05
3.778423866020403220e+05
3.730760900334197213e+05
3.661122858499083086e+05
3.616371318112824229e+05
3.570426939057658310e+05
3.550753519777408219e+05
3.522658447749153129e+05
3.475418422768342425e+05
3.451700065047697863e+05
3.426885836925220210e+05
3.319827077869873028e+05
3.306832581973336637e+05
3.206497192312995321e+05
3.163321019992153160e+05
3.152959500567499781e+05
3.135004496595422388e+05
3.078322103006431716e+05
3.078322103006431716e+05
3.068376356118670665e+05
3.016318053095758078e+05
2.902565342572505469e+05
2.902565342572505469e+05
2.871235584685158683e+05
2.843020408052048879e+05
2.754864073876561015e+05
2.728832999191815034e+05
2.721143462245200062e+05
2.668931940867252415e+05
2.632236257979594520e+05
2.629225593454616610e+05
2.597200398403210856e+05
2.571661962594043580e+05
2.483535079679647170e+05
2.483535079679647170e+05
2.453670269706106337e+05
2.446711465727564646e+05
2.437716604772103601e+05
2.436617069011018611e+05
2.402771392213177751e+05
2.402771392213177751e+05
2.392786435312941030e+05
2.340838125841396395e+05
2.329402216441305936e+05
2.307908748517127824e+05
2.289142292764249432e+05
2.212474054120249930e+05
2.212474054120249930e+05
2.211399911621919018e+05
2.190144007988641970e+05
2.167325290840102243e+05
2.166374273412277689e+05
2.148673535750231822e+05
2.142186549442480900e+05
2.142186549442480900e+05
2.094972395870348846e+05
2.077939998788241355e+05
2.023417501082584786e+05
2.023417501082584786e+05
1.967420657834284357e+05
1.918498367568753019e+05
1.905595403939017560e+05
1.882170961404509726e+05
1.882170961404509726e+05
1.861945755993109487e+05
1.857154781945011637e+05
1.846496370673540805e+05
1.834750703098119120e+05
1.805958081335985335e+05
1.800354798482392507e+05
1.787467827041981509e+05
1.774682825894663401e+05
1.725536846798056504e+05
1.724674791874532821e+05
1.724351259114500426e+05
1.686581854600092629e+05
1.656164578688555339e+05
1.656164578688555339e+05
1.634142879926054447e+05
1.614987978291760664e+05
1.614987978291760664e+05
1.579813451495238987e+05
1.555963192677596526e+05
1.547828178572852630e+05
1.536376218299561588e+05
1.517538970646567177e+05
1.510655932583959657e+05
1.510655932583959657e+05
1.510655932583959657e+05
1.510655932583959657e+05
1.503724738685569901e+05
1.446240567762425635e+05
1.443341527043657261e+05
1.441287502055120131e+05
1.441287502055120131e+05
1.441287502055120131e+05
1.423516475919081713e+05
1.420517293261323066e+05
1.409107994705281744e+05
1.409107994705281453e+05
1.403909502208286431e+05
1.403909502208286431e+05
1.383974286120287143e+05
1.383974286120287143e+05
1.383974286120287143e+05
1.379055239228035789e+05
1.379055239228035789e+05
1.379055239228035789e+05
1.367589141038731614e+05
1.353542822710494511e+05
1.327063776942945260e+05
1.314443119679827068e+05
1.312265182930076262e+05
1.311937964607776375e+05
1.308522371556224680e+05
1.297386147756800201e+05
1.297386147756800201e+05
1.297386147756800201e+05
1.290935773459561606e+05
1.290935773459561606e+05
1.289101601580050919e+05
1.261474218422966806e+05
1.261474218422966806e+05
1.252446142586214846e+05
1.247498705463178485e+05
1.247498705463178485e+05
1.247498705463178485e+05
1.247498705463178485e+05
1.230939320498173911e+05
1.230939320498173911e+05
1.228767919330040168e+05
1.223655750643193314e+05
1.215249498529955745e+05
1.215249498529955745e+05
1.196631405805108370e+05
1.196631405805108370e+05
1.189780632475563907e+05
1.183844304830876354e+05
1.183844304830876354e+05
1.183844304830876354e+05
1.178012939427499950e+05
1.168863298024214746e+05
1.168863298024214746e+05
1.168413832168584631e+05
1.168413832168584631e+05
1.168413832168584631e+05
1.165591692253529327e+05
1.157305820149553620e+05
1.153880776369995147e+05
1.142510201915901416e+05
1.142510201915901416e+05
1.142510201915901416e+05
1.139286475459422509e+05
1.138032754826285382e+05
1.138032754826285382e+05
1.138032754826285382e+05
1.138032754826285382e+05
1.138032754826285382e+05
1.126660403388616396e+05
1.113579467212340969e+05
1.113579467212340969e+05
1.113288398965357919e+05
1.104174642476012377e+05
1.104174642476012377e+05
1.104174642476012377e+05
1.087525194077176275e+05
1.087525194077176275e+05
1.081656539868085529e+05
1.081656539868085529e+05
1.070709958989069564e+05
1.070709958989069564e+05
1.068426623488279729e+05
1.068426623488279729e+05
1.068426623488279729e+05
1.068426623488279729e+05
1.064639290028967225e+05
1.064639290028967225e+05
1.059523876481315092e+05
1.051508342163713096e+05
1.046787138082256279e+05
1.046787138082256570e+05
1.043944570218892331e+05
1.043944570218892331e+05
1.043944570218892331e+05
1.043944570218892331e+05
1.043944570218892331e+05
1.043944570218892331e+05
1.043944570218892331e+05
1.022881051143022196e+05
1.013273499244816921e+05
1.013273499244816921e+05
1.013273499244816921e+05
9.932124214988872700e+04
9.922765200029041443e+04
9.922765200029041443e+04
9.890952839118098200e+04
9.826208182129650959e+04
9.826208182129650959e+04
9.811949816573958378e+04
9.811949816573958378e+04
9.755980091263759823e+04
9.755980091263759823e+04
9.709737427900917828e+04
9.685880988193080702e+04
9.685880988193080702e+04
9.685880988193080702e+04
9.483061209707756643e+04
9.471041035277777701e+04
9.455810737611912191e+04
9.455810737611912191e+04
9.420918688048969489e+04
9.370886402021002141e+04
9.300395733926672256e+04
9.300395733926672256e+04
9.296586998803455208e+04
9.296586998803455208e+04
9.296586998803455208e+04
9.296586998803455208e+04
9.296586998803455208e+04
9.296586998803455208e+04
9.296586998803455208e+04
9.296586998803455208e+04
9.267301635368350253e+04
9.267301635368350253e+04
9.167957656679875799e+04
9.167957656679875799e+04
9.167957656679875799e+04
9.116616745439283841e+04
9.029584997314501379e+04
8.995518013111245818e+04
8.995518013111244363e+04
8.995518013111244363e+04
8.964035036244972434e+04
8.883839059830355109e+04
8.883839059830355109e+04
8.883839059830355109e+04
8.883839059830355109e+04
8.883839059830355109e+04
8.853691096667427337e+04
8.853691096667427337e+04
8.853691096667427337e+04
8.853691096667427337e+04
8.853691096667427337e+04
8.853691096667427337e+04
8.853691096667427337e+04
8.853691096667427337e+04
8.853691096667427337e+04
8.800996169528414612e+04
8.800996169528414612e+04
8.800996169528414612e+04
8.800996169528414612e+04
8.800996169528414612e+04
8.800996169528414612e+04
8.772016838321041723e+04
8.772016838321041723e+04
8.772016838321041723e+04
8.772016838321041723e+04
8.772016838321041723e+04
8.772016838321041723e+04
8.772016838321041723e+04
8.762726007930241758e+04
8.762726007930241758e+04
8.732637820074539923e+04
8.732637820074539923e+04
8.654956996075242932e+04
8.654956996075242932e+04
8.616867626314908557e+04
8.616867626314908557e+04
8.616867626314908557e+04
8.616867626314908557e+04
8.616867626314908557e+04
8.616867626314908557e+04
8.570395156551976106e+04
8.570395156551976106e+04
8.513524678320532257e+04
8.513524678320532257e+04
8.513524678320532257e+04
8.513524678320532257e+04
8.420511357605781814e+04
8.420511357605781814e+04
8.420511357605781814e+04
8.363444875231455080e+04
8.363444875231456535e+04
8.363444875231456535e+04
8.363444875231456535e+04
8.363444875231456535e+04
8.363444875231456535e+04
8.363444875231456535e+04
8.363444875231456535e+04
8.363444875231456535e+04
8.358489371012858464e+04
8.358489371012858464e+04
8.358489371012858464e+04
8.354303038909412862e+04
8.354303038909412862e+04
8.336818475982654491e+04
8.336818475982654491e+04
8.336818475982654491e+04
8.237945561450113019e+04
8.237945561450113019e+04
8.237945561450113019e+04
8.237945561450113019e+04
8.223899041216664773e+04
8.143438841442184639e+04
8.143438841442184639e+04
8.143438841442184639e+04
8.143438841442184639e+04
8.143438841442184639e+04
8.131198931035818532e+04
8.131198931035818532e+04
8.131198931035818532e+04
8.131198931035818532e+04
8.097848024055280257e+04
8.097848024055280257e+04
8.085250414209853625e+04
8.085250414209853625e+04
8.007618239602635731e+04
8.007618239602635731e+04
8.007618239602635731e+04
8.007618239602635731e+04
8.007618239602635731e+04
8.007618239602635731e+04
8.007618239602635731e+04
8.007618239602635731e+04
8.007618239602635731e+04
7.943959695099115197e+04
7.943959695099115197e+04
7.916161064798172447e+04
7.846621152299919049e+04
7.846621152299919049e+04
7.846621152299919049e+04
7.846621152299919049e+04
7.846621152299919049e+04
7.846621152299919049e+04
7.846621152299919049e+04
7.846621152299919049e+04
7.846621152299919049e+04
7.846621152299919049e+04
7.846621152299919049e+04
7.834172473188214644e+04
7.834172473188214644e+04
7.834172473188214644e+04
7.777163604774582200e+04
7.777163604774582200e+04
7.777163604774582200e+04
7.740375320241163718e+04
7.721761993754589639e+04
7.721761993754589639e+04
7.721761993754589639e+04
7.721761993754589639e+04
7.610903651520937274e+04
7.568934199655555130e+04
7.568934199655555130e+04
7.547264173022078467e+04
7.547264173022078467e+04
7.547264173022078467e+04
7.535908393009244173e+04
7.499737933151978359e+04
7.499737933151978359e+04
7.499737933151978359e+04
7.499737933151978359e+04
7.499737933151978359e+04
7.499737933151978359e+04
7.499737933151978359e+04
7.499737933151978359e+04
7.499737933151978359e+04
7.499737933151978359e+04
7.499737933151978359e+04
7.461441231019695988e+04
7.461441231019695988e+04
7.461441231019695988e+04
7.461441231019695988e+04
7.461441231019695988e+04
7.378649995270380168e+04
7.344528258405346423e+04
7.296854865818540566e+04
7.296854865818540566e+04
7.296854865818540566e+04
7.296854865818540566e+04
7.296854865818540566e+04
7.285377586387751217e+04
7.268787088571212371e+04
7.259585099251885549e+04
7.185136600926829851e+04
7.185136600926829851e+04
7.185136600926829851e+04
7.165231401799323794e+04
7.053568831173361104e+04
7.053458513131728978e+04
7.053458513131728978e+04
7.053458513131728978e+04
7.053458513131728978e+04
7.053458513131728978e+04
7.053458513131728978e+04
7.053458513131728978e+04
7.053458513131728978e+04
6.993125328567884571e+04
6.983128220087976661e+04
6.983128220087976661e+04
6.983128220087976661e+04
6.983128220087976661e+04
6.945298652546836820e+04
6.945298652546836820e+04
6.945298652546836820e+04
6.935403954453882761e+04
6.935403954453882761e+04
6.859387158302868193e+04
6.859387158302868193e+04
6.859387158302868193e+04
6.859387158302868193e+04
6.859387158302868193e+04
6.859387158302868193e+04
6.859387158302868193e+04
6.859387158302868193e+04
6.818187879689097463e+04
6.818187879689097463e+04
6.818187879689097463e+04
6.818187879689097463e+04
6.818187879689097463e+04
6.818187879689097463e+04
6.818187879689097463e+04
6.818187879689097463e+04
6.818187879689097463e+04
6.818187879689097463e+04
6.818187879689097463e+04
6.818187879689097463e+04
6.739933519361320941e+04
6.739933519361320941e+04
6.723171695266608731e+04
6.723171695266608731e+04
6.723171695266608731e+04
6.723171695266608731e+04
6.723171695266608731e+04
6.723171695266608731e+04
6.703106682849278150e+04
6.703106682849278150e+04
6.703106682849279605e+04
6.703106682849278150e+04
6.703106682849278150e+04
6.703106682849278150e+04
6.667613891752199561e+04
6.624871327645366546e+04
6.624871327645366546e+04
6.592395275909063639e+04
6.592395275909065094e+04
6.592395275909063639e+04
6.592395275909063639e+04
6.592395275909063639e+04
6.592395275909063639e+04
6.592395275909063639e+04
6.592395275909065094e+04
6.516136911933550437e+04
6.516136911933550437e+04
6.516136911933550437e+04
6.516136911933550437e+04
6.516136911933550437e+04
6.516136911933550437e+04
6.516136911933550437e+04
6.464892871635736810e+04
6.464892871635736810e+04
6.464892871635736810e+04
6.464892871635736810e+04
6.464892871635736810e+04
6.464892871635736810e+04
6.464892871635736810e+04
6.464892871635736810e+04
6.464892871635736810e+04
6.464892871635736810e+04
6.464892871635736810e+04
6.464892871635736810e+04
6.464892871635736810e+04
6.464892871635736810e+04
6.464892871635736810e+04
6.464892871635736810e+04
6.464892871635736810e+04
6.397550957495484181e+04
6.397550957495484181e+04
6.397550957495484181e+04
6.397550957495484181e+04
6.397550957495484181e+04
6.397550957495484181e+04
6.397550957495484181e+04
6.397550957495484181e+04
6.397550957495484181e+04
6.397550957495484181e+04
6.397550957495484181e+04
6.397550957495484181e+04
6.397550957495484181e+04
6.364157336464963737e+04
6.364157336464963737e+04
6.364157336464963737e+04
6.364157336464963737e+04
6.364157336464963737e+04
6.364157336464963737e+04
6.291135400187828782e+04
6.291135400187828782e+04
6.291135400187828782e+04
6.291135400187828782e+04
6.291135400187828782e+04
6.291135400187828782e+04
6.263540514091781370e+04
6.263540514091781370e+04
6.246744487884342379e+04
6.246744487884342379e+04
6.246744487884342379e+04
6.246744487884342379e+04
6.246744487884342379e+04
6.246744487884342379e+04
6.246744487884342379e+04
6.246744487884342379e+04
6.143257671991370444e+04
6.067084955583200644e+04
6.067084955583200644e+04
6.067084955583200644e+04
6.067084955583200644e+04
6.026672889381027198e+04
6.026672889381027198e+04
6.026672889381027198e+04
6.026672889381027198e+04
6.026672889381027198e+04
5.924871290845919430e+04
5.924871290845919430e+04
5.924871290845919430e+04
5.851628112097553094e+04
5.851628112097553094e+04
5.843881047289045091e+04
5.807282312265474320e+04
5.807282312265474320e+04
5.807282312265474320e+04
5.790226747944271483e+04
5.790226747944271483e+04
5.790226747944271483e+04
5.786448691889990732e+04
5.786448691889990732e+04
5.786448691889990732e+04
5.786448691889990732e+04
5.786448691889990732e+04
5.786448691889990732e+04
5.786448691889990732e+04
5.786448691889990732e+04
5.786448691889990732e+04
5.786448691889990732e+04
5.786448691889990732e+04
5.744598439592788054e+04
5.713019158917039022e+04
5.713019158917039022e+04
5.713019158917039022e+04
5.713019158917039022e+04
5.680601596517967118e+04
5.680601596517967118e+04
5.680601596517967118e+04
5.680601596517967118e+04
5.680601596517967118e+04
5.680601596517967118e+04
5.680601596517967118e+04
5.680601596517967118e+04
5.680601596517967118e+04
5.680601596517967118e+04
5.680601596517967118e+04
5.680601596517967118e+04
5.667897873526103649e+04
5.667897873526103649e+04
5.667897873526103649e+04
5.640971863596882758e+04
5.640971863596882758e+04
5.640971863596882758e+04
5.640971863596882758e+04
5.640971863596882758e+04
5.640971863596882758e+04
5.614924970963137457e+04
5.614924970963137457e+04
5.614924970963137457e+04
5.541271150554780615e+04
5.541271150554780615e+04
5.541271150554780615e+04
5.541271150554780615e+04
5.541271150554780615e+04
5.541271150554780615e+04
5.541271150554780615e+04
5.541271150554780615e+04
5.541271150554780615e+04
5.541271150554780615e+04
5.531766870211130299e+04
5.531766870211130299e+04
5.531766870211130299e+04
5.531766870211130299e+04
5.531766870211130299e+04
5.520611466255039704e+04
5.520611466255039704e+04
5.484694003283346683e+04
5.484694003283346683e+04
5.484694003283346683e+04
5.484694003283346683e+04
5.484694003283346683e+04
5.484694003283346683e+04
5.484694003283346683e+04
5.484694003283346683e+04
5.484694003283346683e+04
5.484694003283346683e+04
5.484694003283346683e+04
5.484694003283346683e+04
5.484694003283346683e+04
5.484694003283346683e+04
5.484694003283346683e+04
5.484694003283346683e+04
5.484694003283346683e+04
5.484694003283346683e+04
5.484694003283346683e+04
5.484694003283346683e+04
5.484694003283346683e+04
5.484694003283346683e+04
5.484694003283346683e+04
5.484694003283346683e+04
5.484694003283346683e+04
5.484694003283346683e+04
5.484694003283346683e+04
5.484694003283346683e+04
5.484694003283346683e+04
5.484694003283346683e+04
5.484694003283346683e+04
5.484694003283346683e+04
5.484694003283346683e+04
5.484694003283346683e+04
5.484694003283346683e+04
5.484694003283346683e+04
5.484694003283346683e+04
5.484694003283345955e+04
5.484694003283346683e+04
5.484694003283346683e+04
5.484694003283346683e+04
5.484694003283346683e+04
5.484694003283346683e+04
5.484694003283346683e+04
5.484694003283346683e+04
5.484694003283346683e+04
5.484694003283346683e+04
5.484694003283346683e+04
5.484694003283346683e+04
5.450400794473911083e+04
5.450400794473912538e+04
5.450400794473911083e+04
5.450400794473911083e+04
5.450400794473911083e+04
5.450400794473912538e+04
5.450400794473911083e+04
5.450400794473911083e+04
5.450400794473911083e+04
5.450400794473912538e+04
5.450400794473911083e+04
5.407238482843134989e+04
5.407238482843134989e+04
5.407238482843134989e+04
5.407238482843135716e+04
5.407238482843134989e+04
5.339367863926745486e+04
5.339367863926745486e+04
5.339367863926745486e+04
5.337397059497293230e+04
5.337397059497293230e+04
5.337397059497293230e+04
5.337397059497293230e+04
5.337397059497293230e+04
5.337397059497293230e+04
5.337397059497293230e+04
5.337397059497293230e+04
5.337397059497293230e+04
5.337397059497293230e+04
5.274546472121643455e+04
5.274546472121643455e+04
5.274546472121643455e+04
5.274546472121643455e+04
5.274546472121643455e+04
5.274546472121643455e+04
5.274546472121643455e+04
5.274546472121643455e+04
5.267310119198691973e+04
5.267310119198691973e+04
5.267310119198691973e+04
5.267310119198691973e+04
5.226537424036707671e+04
5.226537424036707671e+04
5.216758008281727962e+04
5.216758008281727962e+04
5.216758008281727962e+04
5.216758008281727962e+04
5.216758008281727962e+04
5.216758008281727962e+04
5.216758008281727962e+04
5.216758008281727962e+04
5.216758008281727962e+04
5.216758008281727962e+04
5.216758008281727962e+04
5.216758008281727962e+04
5.216758008281727962e+04
5.216758008281727962e+04
5.216758008281727962e+04
5.216758008281727962e+04
5.216758008281727962e+04
5.216758008281727962e+04
5.216758008281727962e+04
5.216758008281727962e+04
5.216758008281727962e+04
5.216758008281727962e+04
5.216758008281727962e+04
5.216758008281727962e+04
5.216758008281727962e+04
5.216758008281727962e+04
5.216758008281727962e+04
5.216758008281728689e+04
5.216758008281727962e+04
5.216758008281727962e+04
5.216758008281727962e+04
5.216758008281727962e+04
5.216758008281727962e+04
5.216758008281727962e+04
5.216758008281727962e+04
5.216758008281727962e+04
5.216758008281727962e+04
5.216758008281727962e+04
5.216333702692521911e+04
5.216333702692521911e+04
5.216333702692521911e+04
5.216333702692521911e+04
5.216333702692521911e+04
5.216333702692521911e+04
5.216333702692521911e+04
5.216333702692521911e+04
5.216333702692521911e+04
5.216333702692521911e+04
5.216333702692521911e+04
5.216333702692521911e+04
5.216333702692521911e+04
5.216333702692521911e+04
5.216333702692521911e+04
5.216333702692521911e+04
5.190098670884106832e+04
5.190098670884106832e+04
5.190098670884106832e+04
5.190098670884106832e+04
5.190098670884106832e+04
5.190098670884106832e+04
5.190098670884106832e+04
5.171344751730114513e+04
5.171344751730114513e+04
5.171344751730114513e+04
5.171344751730114513e+04
5.171344751730114513e+04
5.171344751730114513e+04
5.171344751730114513e+04
5.171344751730114513e+04
5.171344751730114513e+04
5.171344751730114513e+04
5.171344751730114513e+04
5.171344751730115968e+04
5.171344751730114513e+04
5.171344751730114513e+04
5.122365968748748855e+04
5.122365968748748855e+04
5.122365968748748855e+04
5.122365968748748855e+04
5.122365968748748855e+04
5.122365968748748855e+04
5.122365968748748855e+04
5.122365968748748855e+04
5.122365968748748855e+04
5.122365968748748855e+04
5.122365968748748855e+04
5.122365968748748855e+04
5.122365968748748855e+04
5.122365968748748855e+04
5.122365968748748855e+04
5.122365968748750311e+04
5.122365968748748855e+04
5.122365968748748855e+04
5.122365968748748855e+04
5.122365968748750311e+04
5.122365968748748855e+04
5.122365968748748855e+04
5.122365968748748855e+04
5.122365968748748855e+04
5.122365968748748855e+04
5.122365968748748855e+04
5.056844584946498071e+04
5.056844584946498071e+04
5.056844584946498071e+04
5.056844584946498071e+04
5.056844584946498071e+04
5.056844584946498071e+04
5.056844584946498071e+04
5.056844584946498071e+04
5.056844584946498071e+04
5.056844584946498071e+04
5.056844584946498071e+04
5.056844584946498071e+04
5.056844584946498071e+04
5.056844584946498071e+04
5.056844584946498071e+04
5.056844584946498071e+04
5.056844584946498071e+04
5.056844584946498071e+04
5.056844584946498071e+04
5.056844584946498071e+04
5.056844584946498071e+04
5.039641709136682766e+04
5.039641709136682766e+04
5.039641709136682766e+04
5.039641709136682766e+04
5.039641709136682766e+04
5.039641709136682766e+04
5.039641709136682766e+04
4.922295413859726250e+04
4.922295413859726250e+04
4.920902714105352788e+04
4.920902714105352788e+04
4.920902714105352788e+04
4.920902714105352788e+04
4.920902714105352788e+04
4.920902714105352788e+04
4.908605465925280441e+04
4.908605465925280441e+04
4.908605465925280441e+04
4.908605465925280441e+04
4.908605465925280441e+04
4.908605465925280441e+04
4.908605465925280441e+04
4.908605465925280441e+04
4.887695202976810106e+04
4.887695202976810106e+04
4.887554533620855364e+04
4.880223207286052639e+04
4.880223207286052639e+04
4.880223207286052639e+04
4.880223207286052639e+04
4.880223207286052639e+04
4.880223207286052639e+04
4.880223207286052639e+04
4.880223207286052639e+04
4.880223207286052639e+04
4.880223207286052639e+04
4.880223207286052639e+04
4.880223207286052639e+04
4.880223207286052639e+04
4.880223207286052639e+04
4.880223207286052639e+04
4.880223207286052639e+04
4.880223207286052639e+04
4.880223207286052639e+04
4.880223207286052639e+04
4.880223207286052639e+04
4.874412915607629111e+04
4.828404611313952773e+04
4.828404611313952773e+04
4.828404611313952773e+04
4.798972603672065452e+04
4.798972603672065452e+04
4.764838984830154368e+04
4.764838984830154368e+04
4.764838984830154368e+04
4.764838984830154368e+04
4.764838984830154368e+04
4.685698617231358367e+04
4.685698617231358367e+04
4.685698617231358367e+04
4.685698617231358367e+04
4.685698617231358367e+04
4.685698617231358367e+04
4.642526634893533628e+04
4.642526634893533628e+04
4.642526634893533628e+04
4.642526634893533628e+04
4.642526634893533628e+04
4.642526634893533628e+04
4.642526634893533628e+04
4.642526634893533628e+04
4.642526634893533628e+04
4.642526634893533628e+04
4.642526634893533628e+04
4.642526634893533628e+04
4.642526634893533628e+04
4.642526634893533628e+04
4.642526634893533628e+04
4.642526634893533628e+04
4.642526634893533628e+04
4.642526634893533628e+04
4.642526634893533628e+04
4.642526634893533628e+04
4.642526634893533628e+04
4.642526634893533628e+04
4.642526634893533628e+04
4.642526634893533628e+04
4.642526634893533628e+04
4.642526634893533628e+04
4.627973522860155936e+04
4.586922880072612315e+04
4.586922880072612315e+04
4.586922880072612315e+04
4.586922880072612315e+04
4.586922880072612315e+04
4.586922880072612315e+04
4.586922880072612315e+04
4.586922880072612315e+04
4.586922880072612315e+04
4.586922880072612315e+04
4.586922880072612315e+04
4.586922880072612315e+04
4.586922880072612315e+04
4.586922880072612315e+04
4.586922880072612315e+04
4.586922880072612315e+04
4.565266026268204587e+04
4.565266026268204587e+04
4.565266026268204587e+04
4.565266026268204587e+04
4.565266026268204587e+04
4.565266026268204587e+04
4.565266026268204587e+04
4.565266026268204587e+04
4.565266026268204587e+04
4.565266026268204587e+04
4.565266026268204587e+04
4.565266026268204587e+04
4.565266026268204587e+04
4.565266026268204587e+04
4.565266026268204587e+04
4.565266026268204587e+04
