1.267448122181528743e+04
3.013527344958165486e+03
5.771397524352199753e+02
2.956955178284624139e+02
2.327171860111906483e+02
1.924477209574580456e+02
1.774971622103221307e+02
1.234780074733329513e+02
1.081146540262934082e+02
7.049447849347103556e+01
5.908127318935845551e+01
5.587350357257648881e+01
5.181412691175274432e+01
4.874414227730882487e+01
4.637655497289190976e+01
4.254354143608820493e+01
4.080138549107152102e+01
2.959260013643494247e+01
2.805140065994003606e+01
2.711114845584862465e+01
2.256091858917875115e+01
2.149841508313920357e+01
2.013279783223254427e+01
1.935786440273957254e+01
1.921553831799250389e+01
1.700964147410088145e+01
1.588047043734917274e+01
1.530082103342827793e+01
1.429535049299889238e+01
1.367637840493385504e+01
1.305461976303059224e+01
1.218729932337313038e+01
1.133245105988784118e+01
1.073687563736002204e+01
9.118127905636169928e+00
9.118127905636169928e+00
8.951967037567674979e+00
8.215918919172480628e+00
7.516823346232487602e+00
7.168873580025481473e+00
6.651536355124608058e+00
6.429494413098503891e+00
6.243607421932126478e+00
5.848846445810369055e+00
5.816906866292018918e+00
5.522165680962594081e+00
5.522165680962594081e+00
5.522165680962594081e+00
5.397449403190184292e+00
5.383477420797350810e+00
5.133289167413913390e+00
4.102510535658228541e+00
3.871746291297053943e+00
3.833701211920959917e+00
3.587789354592091584e+00
3.052575955294142940e+00
3.052575955294142940e+00
2.922774015250163337e+00
2.922774015250163337e+00
2.790748515017340114e+00
2.773732049264826749e+00
2.644956197302028134e+00
2.644956197302028134e+00
2.544779589662571784e+00
2.445378190608462621e+00
2.414393632464611805e+00
2.337077757677837209e+00
2.180240873064557494e+00
2.141652820858213957e+00
2.119319992365652716e+00
2.119319992365652716e+00
2.119319992365652716e+00
2.024179984828408330e+00
2.024179984828408330e+00
1.961320329793175388e+00
1.919607599561902189e+00
1.886561850279175889e+00
1.848922624801335513e+00
1.763344237944161730e+00
1.719176987963835224e+00
1.516706852806216199e+00
1.495733618626181816e+00
1.495733618626181816e+00
1.495733618626181816e+00
1.475895521185938808e+00
1.440028552561409603e+00
1.284626926032153227e+00
1.284626926032153227e+00
1.284626926032153227e+00
1.280434626794161979e+00
1.266623563125097718e+00
1.241236110091551215e+00
1.236259006954042228e+00
1.236259006954042228e+00
1.236259006954042228e+00
1.236259006954042228e+00
1.236259006954042228e+00
1.193017322078618214e+00
1.193017322078618214e+00
1.193017322078618214e+00
1.189057700793258565e+00
1.184776483315735263e+00
1.163701641822001420e+00
1.126842737130871797e+00
1.126842737130871797e+00
1.107698803306777835e+00
1.107698803306777835e+00
1.107698803306777835e+00
1.107698803306777835e+00
1.067435008425051235e+00
1.067435008425051235e+00
1.062342652455350756e+00
1.062342652455350756e+00
1.039045881458440235e+00
1.015901115057521453e+00
1.015901115057521453e+00
1.009465581057409356e+00
9.164020529364598211e-01
9.164020529364598211e-01
9.079532251052319092e-01
9.079532251052319092e-01
9.079532251052319092e-01
8.359844751988928513e-01
8.359844751988928513e-01
8.107998512134555469e-01
8.107998512134555469e-01
8.107998512134555469e-01
7.963942174500479032e-01
7.375920060198282169e-01
7.375920060198282169e-01
7.373965513942581929e-01
7.373965513942581929e-01
7.373965513942581929e-01
7.373965513942581929e-01
7.256048837983252175e-01
7.199777657231837269e-01
7.199777657231837269e-01
7.199777657231837269e-01
7.167970003092599685e-01
7.167970003092599685e-01
6.527573897589010743e-01
6.527573897589010743e-01
6.428452938253643723e-01
6.428452938253643723e-01
6.428452938253643723e-01
6.428452938253643723e-01
6.388333164670750852e-01
6.388333164670750852e-01
6.093975281365326957e-01
6.093975281365326957e-01
5.782664589794879184e-01
5.782664589794879184e-01
5.360186188080954262e-01
5.217070605276090678e-01
5.217070605276090678e-01
5.217070605276090678e-01
5.196090172298798437e-01
5.051448572277529303e-01
4.792979719379087955e-01
4.792979719379087955e-01
4.792979719379087955e-01
4.792979719379087955e-01
4.792979719379087955e-01
4.792979719379087955e-01
4.792979719379087955e-01
4.633661748052583240e-01
4.633661748052583240e-01
4.633661748052583240e-01
4.285406591151657008e-01
4.285406591151657008e-01
4.255195960331085714e-01
4.255195960331085714e-01
4.255195960331085714e-01
4.255195960331085714e-01
4.255195960331085714e-01
4.197105016114583420e-01
4.088943570897958235e-01
4.076536555454403077e-01
4.076536555454403077e-01
4.076536555454403077e-01
4.076536555454403077e-01
4.076536555454403077e-01
4.076536555454403077e-01
4.076536555454403077e-01
4.076536555454403077e-01
4.076536555454403077e-01
4.059519918635918767e-01
4.059519918635918767e-01
4.059519918635918767e-01
4.059519918635918767e-01
4.059519918635918767e-01
4.059519918635918767e-01
4.059519918635918767e-01
4.059519918635918767e-01
4.059519918635918767e-01
4.059519918635918767e-01
4.059519918635918767e-01
4.059519918635918767e-01
4.059519918635918767e-01
4.059519918635918767e-01
4.059519918635918767e-01
4.059519918635918767e-01
4.059519918635918767e-01
4.059519918635918767e-01
4.059519918635918767e-01
4.059519918635918767e-01
3.963061546922537759e-01
3.963061546922537759e-01
3.770365249187096479e-01
3.770365249187096479e-01
3.770365249187096479e-01
3.770365249187096479e-01
3.770365249187096479e-01
3.770365249187096479e-01
3.770365249187096479e-01
3.731153778260548060e-01
3.731153778260548060e-01
3.731153778260548060e-01
3.731153778260548060e-01
3.731153778260548060e-01
3.731153778260548060e-01
3.731153778260548060e-01
3.731153778260548060e-01
3.731153778260548060e-01
3.731153778260548060e-01
3.731153778260548060e-01
3.731153778260548060e-01
3.731153778260548060e-01
3.731153778260548060e-01
3.731153778260548060e-01
3.704728576080422719e-01
3.704728576080422719e-01
3.704728576080422719e-01
3.645398360767386214e-01
3.645398360767386214e-01
3.645398360767386214e-01
3.645398360767386214e-01
3.580341740517742899e-01
3.580341740517742899e-01
3.580341740517742899e-01
3.576737394119259283e-01
3.576737394119259283e-01
3.576737394119259283e-01
3.576737394119259283e-01
3.576737394119259283e-01
3.576737394119259283e-01
3.576737394119259283e-01
3.576737394119259283e-01
3.576737394119259283e-01
3.576737394119259283e-01
3.576737394119259283e-01
3.576737394119259283e-01
3.576737394119259283e-01
3.576737394119259283e-01
3.576737394119259283e-01
3.576737394119259283e-01
3.509849119439129583e-01
3.470082768184902244e-01
3.470082768184902244e-01
3.462729071903811739e-01
3.462729071903811739e-01
3.462729071903811739e-01
3.462729071903811739e-01
3.462729071903811739e-01
3.462729071903811739e-01
3.462729071903811739e-01
3.388278707480366636e-01
3.388278707480366636e-01
3.388278707480366636e-01
3.388278707480366636e-01
3.308244058929292186e-01
3.308244058929292186e-01
3.308244058929292186e-01
3.308244058929292186e-01
3.305237637758680624e-01
3.305237637758680624e-01
3.295364271904720477e-01
3.295364271904720477e-01
3.295364271904720477e-01
3.295364271904720477e-01
3.295364271904720477e-01
3.295364271904720477e-01
3.295364271904720477e-01
3.295364271904720477e-01
3.295364271904720477e-01
3.295364271904720477e-01
3.295364271904720477e-01
3.295364271904720477e-01
3.295364271904720477e-01
3.105467836078438792e-01
3.095100596513354896e-01
3.095100596513354896e-01
3.095100596513354896e-01
3.029727264312938595e-01
3.029727264312938595e-01
3.029727264312938595e-01
3.029727264312938595e-01
3.023321689427221348e-01
3.023321689427221348e-01
3.023321689427221348e-01
3.023321689427221348e-01
3.023321689427221348e-01
3.023321689427221348e-01
3.023321689427221348e-01
3.023321689427221348e-01
3.023321689427221348e-01
2.993693512790091549e-01
2.993693512790091549e-01
2.993693512790091549e-01
2.955093565432265756e-01
2.955093565432265756e-01
2.899950208213042946e-01
2.899950208213042946e-01
2.899950208213042946e-01
2.899950208213042946e-01
2.899950208213042946e-01
2.891198886242749566e-01
2.891198886242749566e-01
2.891198886242749566e-01
2.891198886242749566e-01
2.886426733668090994e-01
2.886426733668090994e-01
2.886426733668090994e-01
2.886426733668090994e-01
2.886426733668090994e-01
2.886426733668090994e-01
2.886426733668090994e-01
2.763646907451182133e-01
2.763646907451182133e-01
2.763646907451182133e-01
2.763646907451182133e-01
2.763646907451182133e-01
2.763646907451182133e-01
2.726951820056470743e-01
2.726951820056470743e-01
2.726951820056470743e-01
2.726951820056470743e-01
2.726951820056470743e-01
2.726951820056470743e-01
2.718065392027568805e-01
2.718065392027568805e-01
2.718065392027568805e-01
2.718065392027568805e-01
2.718065392027568805e-01
2.718065392027568805e-01
2.703120363965439976e-01
2.694480449673223865e-01
2.686777413436190476e-01
2.686777413436190476e-01
2.686777413436190476e-01
2.686777413436190476e-01
2.611344894906348357e-01
2.611344894906348357e-01
2.611344894906348357e-01
2.611344894906348357e-01
2.611344894906348357e-01
2.611344894906348357e-01
2.611344894906348357e-01
2.271506297732536483e-01
2.271506297732536483e-01
2.271506297732536483e-01
2.271506297732536483e-01
2.271506297732536483e-01
2.271506297732536483e-01
2.271506297732536483e-01
2.271506297732536483e-01
2.271506297732536483e-01
2.271506297732536483e-01
2.271506297732536483e-01
2.271506297732536483e-01
2.271506297732536483e-01
2.271506297732536483e-01
2.271506297732536483e-01
2.271506297732536483e-01
2.271506297732536483e-01
2.271506297732536483e-01
2.143553294334837045e-01
2.143553294334837045e-01
2.143553294334837045e-01
2.143553294334837045e-01
2.143553294334837045e-01
2.143553294334837045e-01
2.143553294334837045e-01
2.143553294334837045e-01
2.143553294334837045e-01
2.143553294334837045e-01
2.143553294334837045e-01
2.140012113647249137e-01
2.140012113647249137e-01
2.140012113647249137e-01
2.139684943028414554e-01
2.122127560368786692e-01
2.122127560368786692e-01
2.122127560368786692e-01
2.122127560368786692e-01
2.122127560368786692e-01
2.122127560368786692e-01
2.122127560368786692e-01
2.122127560368786692e-01
2.122127560368786692e-01
2.122127560368786692e-01
2.122127560368786692e-01
2.122127560368786692e-01
2.122127560368786692e-01
2.122127560368786692e-01
2.122127560368786692e-01
2.122127560368786692e-01
2.122127560368786692e-01
2.122127560368786692e-01
2.072068827568876725e-01
2.072068827568876725e-01
2.072068827568876725e-01
1.953731403867866867e-01
1.953731403867866867e-01
1.953731403867866867e-01
1.953731403867866867e-01
1.953731403867866867e-01
1.927011450247921587e-01
1.927011450247921587e-01
1.927011450247921587e-01
1.927011450247921587e-01
1.908180841424874929e-01
1.896903083341802687e-01
1.896903083341802687e-01
1.896903083341802687e-01
1.896903083341802687e-01
1.896903083341802687e-01
1.896903083341802687e-01
1.896903083341802687e-01
1.896903083341802687e-01
1.896903083341802687e-01
1.896903083341802687e-01
1.896903083341802687e-01
1.896903083341802687e-01
1.896903083341802687e-01
1.896903083341802687e-01
1.896903083341802687e-01
1.896903083341802687e-01
1.896903083341802687e-01
1.868325062671321313e-01
1.868325062671321313e-01
1.868325062671321313e-01
1.868325062671321313e-01
1.868325062671321313e-01
1.868325062671321313e-01
1.868325062671321313e-01
1.868325062671321313e-01
1.868325062671321313e-01
1.868325062671321313e-01
1.868325062671321313e-01
1.799837481557177155e-01
1.799837481557177155e-01
1.799837481557177155e-01
1.799837481557177155e-01
1.799837481557177155e-01
1.799837481557177155e-01
1.799837481557177155e-01
1.799837481557177155e-01
1.799837481557177155e-01
1.799837481557177155e-01
1.799837481557177155e-01
1.799837481557177155e-01
1.799837481557177155e-01
1.799762514920953405e-01
1.799762514920953405e-01
1.799762514920953405e-01
1.799762514920953405e-01
1.769750883017604526e-01
1.769750883017604526e-01
1.769750883017604526e-01
1.769750883017604526e-01
1.769750883017604526e-01
1.769750883017604526e-01
1.769750883017604526e-01
1.769750883017604526e-01
1.734270024249601749e-01
1.734270024249601749e-01
1.734270024249601749e-01
1.734270024249601749e-01
1.726819322327020900e-01
1.726819322327020900e-01
1.726819322327020900e-01
1.726819322327020900e-01
1.726819322327020900e-01
1.726819322327020900e-01
1.726819322327020900e-01
1.726819322327020900e-01
1.726819322327020900e-01
1.726819322327020900e-01
1.726819322327020900e-01
1.726819322327020900e-01
1.726819322327020900e-01
1.726819322327020900e-01
1.721310880509109575e-01
1.721310880509109575e-01
1.721310880509109575e-01
1.721310880509109575e-01
1.721310880509109575e-01
1.721310880509109575e-01
1.721310880509109575e-01
1.721310880509109575e-01
1.721310880509109575e-01
1.649720966144527512e-01
1.649720966144527512e-01
1.649720966144527512e-01
1.649720966144527512e-01
1.649720966144527512e-01
1.649720966144527512e-01
1.649720966144527512e-01
1.649720966144527512e-01
1.649720966144527512e-01
1.576321469377655882e-01
1.576321469377655882e-01
1.576321469377655882e-01
1.561510034377303069e-01
1.561510034377303069e-01
1.561510034377303069e-01
1.561510034377303069e-01
1.561510034377303069e-01
1.561510034377303069e-01
1.561510034377303069e-01
1.561510034377303069e-01
1.561510034377303069e-01
1.561510034377303069e-01
1.561510034377303069e-01
1.561510034377303069e-01
1.561510034377303069e-01
1.561510034377303069e-01
1.561510034377303069e-01
1.561510034377303069e-01
1.561510034377303069e-01
1.561510034377303069e-01
1.561510034377303069e-01
1.561510034377303069e-01
1.561510034377303069e-01
1.561510034377303069e-01
1.554702778412768716e-01
1.488423217362766227e-01
1.488423217362766227e-01
1.488423217362766227e-01
1.488423217362766227e-01
1.488423217362766227e-01
1.488423217362766227e-01
1.488423217362766227e-01
1.435874252294377929e-01
1.435874252294377929e-01
1.435874252294377929e-01
1.435874252294377929e-01
1.435874252294377929e-01
1.435874252294377929e-01
1.435874252294377929e-01
1.435874252294377929e-01
1.435736883891954307e-01
1.428697393900252854e-01
1.428697393900252854e-01
1.428697393900252854e-01
1.428697393900252854e-01
1.428697393900252854e-01
1.428697393900252854e-01
1.428697393900252854e-01
1.428697393900252854e-01
1.428697393900252854e-01
1.428697393900252854e-01
1.428697393900252854e-01
1.428697393900252854e-01
1.428697393900252854e-01
1.428697393900252854e-01
1.325287161052863816e-01
1.325287161052863816e-01
1.303650425845683802e-01
1.303650425845683802e-01
1.303650425845683802e-01
1.303650425845683802e-01
1.303650425845683802e-01
1.303650425845683802e-01
1.303650425845683802e-01
1.303650425845683802e-01
1.303650425845683802e-01
1.303650425845683802e-01
1.303650425845683802e-01
1.303650425845683802e-01
1.303650425845683802e-01
1.303650425845683802e-01
1.303650425845683802e-01
1.303650425845683802e-01
1.303650425845683802e-01
1.303650425845683802e-01
1.303650425845683802e-01
1.258642712272023401e-01
1.258642712272023401e-01
1.258642712272023401e-01
1.258642712272023401e-01
1.258642712272023401e-01
1.258642712272023401e-01
1.227537715796039042e-01
1.227537715796039042e-01
1.212839309943660737e-01
1.201832354509062978e-01
1.161008077793551918e-01
1.161008077793551918e-01
1.161008077793551918e-01
1.161008077793551918e-01
1.161008077793551918e-01
1.156191670257516874e-01
1.156191670257516874e-01
1.156191670257516874e-01
1.156191670257516874e-01
1.156191670257516874e-01
1.156191670257516874e-01
1.156191670257516874e-01
1.156191670257516874e-01
1.156191670257516874e-01
1.156191670257516874e-01
1.156191670257516874e-01
1.156191670257516874e-01
1.156191670257516874e-01
1.155191141406070460e-01
1.155191141406070460e-01
1.155191141406070460e-01
1.155191141406070460e-01
1.155191141406070460e-01
1.155191141406070460e-01
1.155191141406070460e-01
1.155191141406070460e-01
1.155191141406070460e-01
1.155191141406070460e-01
1.155191141406070460e-01
1.155191141406070460e-01
1.155191141406070460e-01
1.155191141406070460e-01
1.155191141406070460e-01
1.155191141406070460e-01
1.155191141406070460e-01
1.151831444544852145e-01
1.151831444544852145e-01
1.151831444544852145e-01
1.151831444544852145e-01
1.151831444544852145e-01
1.151831444544852145e-01
1.151831444544852145e-01
1.151831444544852145e-01
1.151831444544852145e-01
1.151831444544852145e-01
1.151831444544852145e-01
1.151831444544852145e-01
1.151831444544852145e-01
1.151831444544852145e-01
1.151831444544852145e-01
1.151831444544852145e-01
1.084792986869018705e-01
1.084792986869018705e-01
1.073739870727253576e-01
1.073739870727253576e-01
1.073739870727253576e-01
1.073739870727253576e-01
1.073739870727253576e-01
1.073739870727253576e-01
1.073739870727253576e-01
1.073739870727253576e-01
1.073739870727253576e-01
1.051427565791890478e-01
1.051427565791890478e-01
1.051427565791890478e-01
1.051427565791890478e-01
1.051427565791890478e-01
1.051427565791890478e-01
1.051427565791890478e-01
1.051427565791890478e-01
1.051427565791890478e-01
1.051427565791890478e-01
1.051427565791890478e-01
1.051427565791890478e-01
1.051427565791890478e-01
1.051427565791890478e-01
1.051427565791890478e-01
1.051427565791890478e-01
1.051427565791890478e-01
1.051427565791890478e-01
1.051427565791890478e-01
1.011548605106042942e-01
1.011548605106042942e-01
1.011548605106042942e-01
1.011548605106042942e-01
1.011548605106042942e-01
1.011548605106042942e-01
1.011548605106042942e-01
1.011548605106042942e-01
1.011548605106042942e-01
1.011548605106042942e-01
9.885794385271437501e-02
9.824129305466203221e-02
9.824129305466203221e-02
9.824129305466203221e-02
9.824129305466203221e-02
9.824129305466203221e-02
9.824129305466203221e-02
9.824129305466203221e-02
9.824129305466203221e-02
9.824129305466203221e-02
9.824129305466203221e-02
9.824129305466203221e-02
9.824129305466203221e-02
9.824129305466203221e-02
9.639782087524692566e-02
9.639782087524692566e-02
9.639782087524692566e-02
9.639782087524692566e-02
9.639782087524692566e-02
9.639782087524692566e-02
9.639782087524692566e-02
9.639782087524692566e-02
9.639782087524692566e-02
9.639782087524692566e-02
9.639782087524692566e-02
9.639782087524692566e-02
9.639782087524692566e-02
9.639782087524692566e-02
9.639782087524692566e-02
9.639782087524692566e-02
9.639782087524692566e-02
9.639782087524692566e-02
9.639782087524692566e-02
9.639782087524692566e-02
9.639782087524692566e-02
9.639782087524692566e-02
9.639782087524692566e-02
9.639782087524692566e-02
9.639782087524692566e-02
9.582148240521431992e-02
9.582148240521431992e-02
9.582148240521431992e-02
9.582148240521431992e-02
9.582148240521431992e-02
9.582148240521431992e-02
9.582148240521431992e-02
9.582148240521431992e-02
9.582148240521431992e-02
9.582148240521431992e-02
9.582148240521431992e-02
9.582148240521431992e-02
9.582148240521431992e-02
9.328039766490672791e-02
9.328039766490672791e-02
9.328039766490672791e-02
9.328039766490672791e-02
9.328039766490672791e-02
9.328039766490672791e-02
9.328039766490672791e-02
9.328039766490672791e-02
9.328039766490672791e-02
9.328039766490672791e-02
9.328039766490672791e-02
9.328039766490672791e-02
9.328039766490672791e-02
9.328039766490672791e-02
9.328039766490672791e-02
9.328039766490672791e-02
9.328039766490672791e-02
9.328039766490672791e-02
9.328039766490672791e-02
9.323035927239269050e-02
9.323035927239269050e-02
9.323035927239269050e-02
9.253345778622125428e-02
9.253345778622125428e-02
9.253345778622125428e-02
9.253345778622125428e-02
9.253345778622125428e-02
9.139544740222467489e-02
9.139544740222467489e-02
9.139544740222467489e-02
9.139544740222467489e-02
9.139544740222467489e-02
9.139544740222467489e-02
9.139544740222467489e-02
9.139544740222467489e-02
9.139544740222467489e-02
9.139544740222467489e-02
9.139544740222467489e-02
9.139544740222467489e-02
9.139544740222467489e-02
9.139544740222467489e-02
9.139544740222467489e-02
9.139544740222467489e-02
9.139544740222467489e-02
9.139544740222467489e-02
9.139544740222467489e-02
9.139544740222467489e-02
9.139544740222467489e-02
9.139544740222467489e-02
9.139544740222467489e-02
9.139544740222467489e-02
9.139544740222467489e-02
9.139544740222467489e-02
9.139544740222467489e-02
9.139544740222467489e-02
9.139544740222467489e-02
9.139544740222467489e-02
9.095107278523408001e-02
9.095107278523408001e-02
9.005615940407514508e-02
8.908708411587663856e-02
8.908708411587663856e-02
8.825438184398806674e-02
8.825438184398806674e-02
8.825438184398806674e-02
8.728169666883733857e-02
8.728169666883733857e-02
8.728169666883733857e-02
8.728169666883733857e-02
8.728169666883733857e-02
8.728169666883733857e-02
8.728169666883733857e-02
8.728169666883733857e-02
8.722145834781175333e-02
8.722145834781175333e-02
8.691307465151072720e-02
8.691307465151072720e-02
8.643682721474328645e-02
8.643682721474328645e-02
8.643682721474328645e-02
8.643682721474328645e-02
8.643682721474328645e-02
8.643682721474328645e-02
8.643682721474328645e-02
8.643682721474328645e-02
8.643682721474328645e-02
8.643682721474328645e-02
8.643682721474328645e-02
8.626709803401104437e-02
8.590902446164278006e-02
8.590902446164278006e-02
8.590902446164278006e-02
8.590902446164278006e-02
8.590902446164278006e-02
8.590902446164278006e-02
8.590902446164278006e-02
8.590902446164278006e-02
8.590902446164278006e-02
8.590902446164278006e-02
8.590902446164278006e-02
8.590902446164278006e-02
8.590902446164278006e-02
8.590902446164278006e-02
8.590902446164278006e-02
8.590902446164278006e-02
8.590902446164278006e-02
8.590902446164278006e-02
8.590902446164278006e-02
8.590902446164278006e-02
8.590902446164278006e-02
8.590902446164278006e-02
8.590902446164278006e-02
8.590902446164278006e-02
8.590902446164278006e-02
8.590902446164278006e-02
8.520641301866342665e-02
8.520641301866342665e-02
8.520641301866342665e-02
8.520641301866342665e-02
8.520641301866342665e-02
8.520641301866342665e-02
8.520641301866342665e-02
8.520641301866342665e-02
8.520641301866342665e-02
8.520641301866342665e-02
8.520641301866342665e-02
8.520641301866342665e-02
8.520641301866342665e-02
8.520641301866342665e-02
8.520641301866342665e-02
8.495747321000393648e-02
8.495747321000393648e-02
8.482120982306463886e-02
8.482120982306463886e-02
8.482120982306463886e-02
8.482120982306463886e-02
8.482120982306463886e-02
8.482120982306463886e-02
8.482120982306463886e-02
8.482120982306463886e-02
8.482120982306463886e-02
8.482120982306463886e-02
8.482120982306463886e-02
8.482120982306463886e-02
8.320803912165507243e-02
8.320803912165507243e-02
8.320803912165507243e-02
8.320803912165507243e-02
8.320803912165507243e-02
8.320803912165507243e-02
8.320803912165507243e-02
8.320803912165507243e-02
8.320803912165507243e-02
8.320803912165507243e-02
8.320803912165507243e-02
8.320803912165507243e-02
8.320803912165507243e-02
8.320803912165507243e-02
8.320803912165507243e-02
8.320803912165507243e-02
8.320803912165507243e-02
8.320803912165507243e-02
8.320803912165507243e-02
8.320803912165507243e-02
8.320803912165507243e-02
8.220304305728835803e-02
8.093629314436323607e-02
8.093629314436323607e-02
8.093629314436323607e-02
8.093629314436323607e-02
8.093629314436323607e-02
8.093629314436323607e-02
8.093629314436323607e-02
8.093629314436323607e-02
8.093629314436323607e-02
8.093629314436323607e-02
8.093629314436323607e-02
8.093629314436323607e-02
8.093629314436323607e-02
8.093629314436323607e-02
8.093629314436323607e-02
8.093629314436323607e-02
8.093629314436323607e-02
8.093629314436323607e-02
8.093629314436323607e-02
8.093629314436323607e-02
8.093629314436323607e-02
8.093629314436323607e-02
8.093629314436323607e-02
8.093629314436323607e-02
7.880787874196953924e-02
7.880787874196953924e-02
7.880787874196953924e-02
7.880787874196953924e-02
7.880787874196953924e-02
7.880787874196953924e-02
7.880787874196953924e-02
7.880787874196953924e-02
7.880787874196953924e-02
7.880787874196953924e-02
7.880787874196953924e-02
7.736604244308697975e-02
7.736604244308697975e-02
7.736604244308697975e-02
7.736604244308697975e-02
7.726596186222674245e-02
7.726596186222674245e-02
7.726596186222674245e-02
7.726596186222674245e-02
6.997086852966394321e-02
6.997086852966394321e-02
6.997086852966394321e-02
6.997086852966394321e-02
6.997086852966394321e-02
6.997086852966394321e-02
6.997086852966394321e-02
6.997086852966394321e-02
6.997086852966394321e-02
6.997086852966394321e-02
6.997086852966394321e-02
6.997086852966394321e-02
6.997086852966394321e-02
6.997086852966394321e-02
6.997086852966394321e-02
6.997086852966394321e-02
6.997086852966394321e-02
6.997086852966394321e-02
6.997086852966394321e-02
6.997086852966394321e-02
6.997086852966394321e-02
6.997086852966394321e-02
6.997086852966394321e-02
6.918774479279765632e-02
6.918774479279765632e-02
6.918774479279765632e-02
6.918774479279765632e-02
6.918774479279765632e-02
6.918774479279765632e-02
6.918774479279765632e-02
6.918774479279765632e-02
6.918774479279765632e-02
6.918774479279765632e-02
6.918774479279765632e-02
6.918774479279765632e-02
6.918774479279765632e-02
6.918774479279765632e-02
6.918774479279765632e-02
6.918774479279765632e-02
6.918774479279765632e-02
6.918774479279765632e-02
6.918774479279765632e-02
6.918774479279765632e-02
6.918774479279765632e-02
6.918774479279765632e-02
6.918774479279765632e-02
6.918774479279765632e-02
6.918774479279765632e-02
6.918774479279765632e-02
6.918774479279765632e-02
