4.779894189659754187e+07
4.505252701641193032e+07
4.129481378424644470e+07
3.746299278793971986e+07
3.536622154068487883e+07
3.240880625379494205e+07
3.072426038821765408e+07
2.896392996831193194e+07
2.734060893998246267e+07
2.622187003607487306e+07
2.514826922869731858e+07
2.425110246421910450e+07
2.344681492243913561e+07
2.237773433790284023e+07
2.171377989355428144e+07
2.083825922330391407e+07
2.007285505255203694e+07
1.918621325126528367e+07
1.842812759575698525e+07
1.752254179840110242e+07
1.674268757879723795e+07
1.614096774859547801e+07
1.534226144114981219e+07
1.462920477512576245e+07
1.389793639947428182e+07
1.326389398427015729e+07
1.268258144760753773e+07
1.203309706717778370e+07
1.148915361091074347e+07
1.095772709527263232e+07
1.046486818448714726e+07
1.000357112017404847e+07
9.505903071330750361e+06
8.912265553773803636e+06
8.388032684114658274e+06
7.947135154365736060e+06
7.499189772435528226e+06
7.071230806454429403e+06
6.584831715798459947e+06
6.174870684604746290e+06
5.786472771200351417e+06
5.436393233501595445e+06
5.112743052747854032e+06
4.715374748542554677e+06
4.402106871364873834e+06
4.117605732444162015e+06
3.873503441182065289e+06
3.582579592704635579e+06
3.290232360636685975e+06
3.063146359301627148e+06
2.870422908494933508e+06
2.625475496433046181e+06
2.403688030924070626e+06
2.217986714648144785e+06
2.010067457198976306e+06
1.822064654336451320e+06
1.673741083565247012e+06
1.559537686855906853e+06
1.399517780113347340e+06
1.273574850080705481e+06
1.156705683233326301e+06
1.022142569454968674e+06
9.286312983382540988e+05
8.070173296752062161e+05
7.350037045481720706e+05
6.557498827602311503e+05
6.009501167690432630e+05
5.364711816169155063e+05
4.714365652705820976e+05
4.136066783737597871e+05
3.668372034092955291e+05
3.286330086034498527e+05
2.886561330571488361e+05
2.587793226136034937e+05
2.283616612142844242e+05
2.095975319378877757e+05
1.874671550622175564e+05
1.667729280996210000e+05
1.493692668168726377e+05
1.415436406827646715e+05
1.241831150319031876e+05
1.133537963871065876e+05
1.053161998707342573e+05
9.551858903873717645e+04
9.341441817028679361e+04
8.083641297868294350e+04
7.711713140934433613e+04
7.271517145609423460e+04
7.196048903044838517e+04
6.899503092059955816e+04
6.565331377402186627e+04
6.396594961277082621e+04
5.866437787544593448e+04
5.577565657900438964e+04
5.371939563671417272e+04
5.150674680073073250e+04
4.997787196843107813e+04
4.874118133403381944e+04
4.804871119337191340e+04
4.758860053892939322e+04
4.665574201258381800e+04
4.587353389571950538e+04
4.422312887712989323e+04
4.397676605846642633e+04
4.268985378923021199e+04
4.074278206069909356e+04
3.983508509312789829e+04
3.904737004674714262e+04
3.874686772859510529e+04
3.842908893471333431e+04
3.833063079168038530e+04
3.748112222407321678e+04
3.748112222407321678e+04
3.748112222407321678e+04
3.746857667682832107e+04
3.697255391169494396e+04
3.649112900782743236e+04
3.622761750079643389e+04
3.609116218876043422e+04
3.595323661751053442e+04
3.560903827589152934e+04
3.537905920529606374e+04
3.518069864906074508e+04
3.488971501010064821e+04
3.483154408300292562e+04
3.483154408300292562e+04
3.427071015766556229e+04
3.403949171083072724e+04
3.388038674768309284e+04
3.351790477003493288e+04
3.329017481388367014e+04
3.294916355763756292e+04
3.294916355763756292e+04
3.270864055326575181e+04
3.270864055326575181e+04
3.270864055326575181e+04
3.235412588590052837e+04
3.235412588590052837e+04
3.189729524272393610e+04
3.170352083544479683e+04
3.170352083544479683e+04
3.105901295037014279e+04
3.105901295037014279e+04
3.105901295037014279e+04
3.105901295037014279e+04
3.100363900738523080e+04
3.100363900738523080e+04
3.100363900738523080e+04
3.075651986866216248e+04
3.075651986866215520e+04
3.075651986866216248e+04
2.995430139004409284e+04
2.979890707655256847e+04
2.970658532259525600e+04
2.933309187015086718e+04
2.918811918783104193e+04
2.906330245376102175e+04
2.904061059490060870e+04
2.904061059490060870e+04
2.884717345967448273e+04
2.884717345967448273e+04
2.880911758605258728e+04
2.879937052303978635e+04
2.879937052303978635e+04
2.879937052303978635e+04
2.879937052303978635e+04
2.879937052303978635e+04
2.879937052303978635e+04
2.852826379805537726e+04
2.850585608331162075e+04
2.850585608331162075e+04
2.850585608331162075e+04
2.850585608331162075e+04
2.850585608331162075e+04
2.780595624299558403e+04
2.764203124865967766e+04
2.750375396828837620e+04
2.738112526236069243e+04
2.679806315133454336e+04
2.679806315133454336e+04
2.679806315133454336e+04
2.632629514333044062e+04
2.632629514333044062e+04
2.632629514333044062e+04
2.632629514333044062e+04
2.627144723980605340e+04
2.626472716931622199e+04
2.600825752049531002e+04
2.600825752049531002e+04
2.600825752049531002e+04
2.593149485281886882e+04
2.567243715752054050e+04
2.551211823310534237e+04
2.551211823310534237e+04
2.551211823310534237e+04
2.551211823310534237e+04
2.551211823310534237e+04
2.548694295023681480e+04
2.548694295023681480e+04
2.546513134591043126e+04
2.546513134591043126e+04
2.546513134591043126e+04
2.546513134591043126e+04
2.546513134591043126e+04
2.531068571420386070e+04
2.531068571420386070e+04
2.523241586145233305e+04
2.497211235457581279e+04
2.497211235457581279e+04
2.486859945550651173e+04
2.486859945550651173e+04
2.486859945550651173e+04
2.475284624982412788e+04
2.475284624982412788e+04
2.475284624982412788e+04
2.475284624982412788e+04
2.475284624982412788e+04
2.475284624982412788e+04
2.475284624982412788e+04
2.475284624982412788e+04
2.472284912656817687e+04
2.472284912656817687e+04
2.467847150329874785e+04
2.459917334165332068e+04
2.458596048434297700e+04
2.454719740068314059e+04
2.454719740068314059e+04
2.454719740068314059e+04
2.437196191941210054e+04
2.437196191941210054e+04
2.437196191941210054e+04
2.393865638354528710e+04
2.365878092660837865e+04
2.363924027028313139e+04
2.363924027028313139e+04
2.363924027028313139e+04
2.361017223626077975e+04
2.334259424019180733e+04
2.334259424019180733e+04
2.333557222311447185e+04
2.333557222311447185e+04
2.333557222311447185e+04
2.330018396427954940e+04
2.330018396427954940e+04
2.243109736931466614e+04
2.243109736931466614e+04
2.224875095393787706e+04
2.222979263634883682e+04
2.222979263634883682e+04
2.222979263634883682e+04
2.222979263634883682e+04
2.222979263634883682e+04
2.222979263634883682e+04
2.222979263634883682e+04
2.221212375010997130e+04
2.221212375010997130e+04
2.221212375010997130e+04
2.221212375010997130e+04
2.221212375010997130e+04
2.221212375010997130e+04
2.221212375010997130e+04
2.199835504758341631e+04
2.193423222356581391e+04
2.193423222356581391e+04
2.164953340400289744e+04
2.158145719640310199e+04
2.158145719640310199e+04
2.158145719640310199e+04
2.152612155837353930e+04
2.152612155837353930e+04
2.152612155837353930e+04
2.152612155837353930e+04
2.152612155837353930e+04
2.147554600906846099e+04
2.147554600906846099e+04
2.147554600906846099e+04
2.147554600906846099e+04
2.137845214104069237e+04
2.110957717023760051e+04
2.110957717023760051e+04
2.110957717023760051e+04
2.110957717023760051e+04
2.103206417590979254e+04
2.103106325679835209e+04
2.103106325679835209e+04
2.103106325679835209e+04
2.102628129998717486e+04
2.102628129998717486e+04
2.102628129998717486e+04
2.102628129998717486e+04
2.102628129998717486e+04
2.102360138524850481e+04
2.102360138524850481e+04
2.102360138524850481e+04
2.102360138524850481e+04
2.102360138524850481e+04
2.102360138524850481e+04
2.080902837254454062e+04
2.080902837254454062e+04
2.080902837254454062e+04
2.080902837254454062e+04
2.080902837254454062e+04
2.080902837254454062e+04
2.080902837254454062e+04
2.062003278330959074e+04
2.062003278330959074e+04
2.023392185537715704e+04
2.022598433116024171e+04
2.022598433116024171e+04
2.022598433116024171e+04
2.022598433116024171e+04
2.022598433116024171e+04
1.992871766070604644e+04
1.992871766070604644e+04
1.992871766070604644e+04
1.992871766070604644e+04
1.992871766070604644e+04
1.992871766070604644e+04
1.992871766070604644e+04
1.992871766070604644e+04
1.984620884572108844e+04
1.974465333704560908e+04
1.974465333704560908e+04
1.974465333704560908e+04
1.974465333704560908e+04
1.974465333704560908e+04
1.974465333704560908e+04
1.974465333704560908e+04
1.959751620024687873e+04
1.950873663935031800e+04
1.950873663935031800e+04
1.950873663935031800e+04
1.950873663935031800e+04
1.943628092274195296e+04
1.939550544182268277e+04
1.939550544182268277e+04
1.939550544182268277e+04
1.939550544182268277e+04
1.938924076790322579e+04
1.938924076790322579e+04
1.938924076790322579e+04
1.938924076790322579e+04
1.923451209502221536e+04
1.923451209502221536e+04
1.914650506571635924e+04
1.914650506571635924e+04
1.914650506571635924e+04
1.914068347511187312e+04
1.899955312399271861e+04
1.891327881790323227e+04
1.891327881790323227e+04
1.891327881790323227e+04
1.891327881790323227e+04
1.891327881790323227e+04
1.891327881790323227e+04
1.891327881790323227e+04
1.876646063275117194e+04
1.876646063275117194e+04
1.876646063275117194e+04
1.876646063275117194e+04
1.876646063275117194e+04
1.876646063275117194e+04
1.876646063275117194e+04
1.876646063275117194e+04
1.876646063275117194e+04
1.876646063275117194e+04
1.876646063275117194e+04
1.876646063275117194e+04
1.861869454133281033e+04
1.861869454133281033e+04
1.859122998124785954e+04
1.843978696534178380e+04
1.843978696534178380e+04
1.843978696534178380e+04
1.843978696534178380e+04
1.843978696534178380e+04
1.843978696534178380e+04
1.843978696534178380e+04
1.829976375986995117e+04
1.829976375986995117e+04
1.829976375986995117e+04
1.829976375986995117e+04
1.829976375986995117e+04
1.829976375986995481e+04
1.829976375986995117e+04
1.829976375986995117e+04
1.829976375986995117e+04
1.829976375986995117e+04
1.823533319768216097e+04
1.823533319768216097e+04
1.819978249422194131e+04
1.819978249422194131e+04
1.819978249422194131e+04
1.819978249422194131e+04
1.819978249422194131e+04
1.819978249422194131e+04
1.819978249422194494e+04
1.819978249422194131e+04
1.792316711686660346e+04
1.792316711686660346e+04
1.792316711686660346e+04
1.792316711686660346e+04
1.792316711686660346e+04
1.792316711686660346e+04
1.792316711686660346e+04
1.781353552357506851e+04
1.779940830668458875e+04
1.779940830668458875e+04
1.779854735313335186e+04
1.779854735313335186e+04
1.779854735313335186e+04
1.779854735313335186e+04
1.779854735313335186e+04
1.779854735313335186e+04
1.779854735313335186e+04
1.779854735313335186e+04
1.779854735313335186e+04
1.779854735313335186e+04
1.779854735313335186e+04
1.779854735313335186e+04
1.737222916086759869e+04
1.737222916086759869e+04
1.737222916086759869e+04
1.737222916086759869e+04
1.737222916086759869e+04
1.737222916086759869e+04
1.737222916086759869e+04
1.737222916086759869e+04
1.737222916086759869e+04
1.737222916086759869e+04
1.737222916086759869e+04
1.737222916086759869e+04
1.737222916086759869e+04
1.737222916086759869e+04
1.737222916086759869e+04
1.737222916086759869e+04
1.737222916086759869e+04
1.723014208876421253e+04
1.723014208876421253e+04
1.723014208876421253e+04
1.699101526396434565e+04
1.699101526396434565e+04
1.699101526396434565e+04
1.699101526396434565e+04
1.693958298738193844e+04
1.693958298738193844e+04
1.683139965946115626e+04
1.683139965946115626e+04
1.683139965946115262e+04
1.683139965946115262e+04
1.683139965946115262e+04
1.683139965946115262e+04
1.683139965946115262e+04
1.683139965946115262e+04
1.683139965946115262e+04
1.683139965946115262e+04
1.683139965946115626e+04
1.683139965946115262e+04
1.683139965946115262e+04
1.683139965946115262e+04
1.683139965946115262e+04
1.683139965946115262e+04
1.683139965946115262e+04
1.683139965946115262e+04
1.683139965946115262e+04
1.683139965946115262e+04
1.683139965946115262e+04
1.683139965946115262e+04
1.683139965946115262e+04
1.682142691076405026e+04
1.682142691076405026e+04
1.682142691076405026e+04
1.682142691076405026e+04
1.682142691076405026e+04
1.682142691076405026e+04
1.682142691076405026e+04
1.682142691076405026e+04
1.643409816488989600e+04
1.643409816488989600e+04
1.643409816488989600e+04
1.643409816488989600e+04
1.643409816488989600e+04
1.643409816488989600e+04
1.643409816488989600e+04
1.643409816488989600e+04
1.643409816488989600e+04
1.635943905408198589e+04
1.635943905408198407e+04
1.635943905408198407e+04
1.635943905408198407e+04
1.635943905408198407e+04
1.627957333724244563e+04
1.623116349390250434e+04
1.623116349390250434e+04
1.623116349390250434e+04
1.623116349390250434e+04
1.623116349390250434e+04
1.623116349390250434e+04
1.623116349390250434e+04
1.623116349390250434e+04
1.618259757716422064e+04
1.618259757716422064e+04
1.618259757716422064e+04
1.598295532949226799e+04
1.598295532949226617e+04
1.598295532949226617e+04
1.591906390580071275e+04
1.591906390580071275e+04
1.591906390580071275e+04
1.591906390580071275e+04
1.591906390580071275e+04
1.591906390580071275e+04
1.591906390580071275e+04
1.591906390580071275e+04
1.591906390580071275e+04
1.591906390580071275e+04
1.591906390580071275e+04
1.591906390580071275e+04
1.574170935886059851e+04
1.574170935886059851e+04
1.574170935886059851e+04
1.574170935886059851e+04
1.574170935886059851e+04
1.574170935886059851e+04
1.574170935886059851e+04
1.574170935886059851e+04
1.574170935886059851e+04
1.574170935886059851e+04
1.574170935886059851e+04
1.574170935886059851e+04
1.574170935886059851e+04
1.574170935886059851e+04
1.574170935886059851e+04
1.574170935886059851e+04
1.574170935886059851e+04
1.574170935886059851e+04
1.574170935886059851e+04
1.574170935886059851e+04
1.574170935886059851e+04
1.574170935886059851e+04
1.574170935886059851e+04
1.574170935886059851e+04
1.574170935886059851e+04
1.574170935886059851e+04
1.574170935886059851e+04
1.574170935886059851e+04
1.574170935886059851e+04
1.574170935886059851e+04
1.574170935886059851e+04
1.574170935886059851e+04
1.561297881339673768e+04
1.561297881339673768e+04
1.561297881339673768e+04
1.561297881339673768e+04
1.561297881339673768e+04
1.561297881339673768e+04
1.561297881339673768e+04
1.561297881339673768e+04
1.561297881339673768e+04
1.561297881339673768e+04
1.558404439870855276e+04
1.558404439870855276e+04
1.558404439870855276e+04
1.558404439870855276e+04
1.558404439870854731e+04
1.558404439870855276e+04
1.558404439870855276e+04
1.558404439870855276e+04
1.558404439870854731e+04
1.558404439870854731e+04
1.558404439870855276e+04
1.558404439870855276e+04
1.558404439870855276e+04
1.558404439870855276e+04
1.558404439870855276e+04
1.558404439870855276e+04
1.558404439870855276e+04
1.551063550010469589e+04
1.547199880267334629e+04
1.547199880267334629e+04
1.544891370978983832e+04
1.524712921576958070e+04
1.524712921576957888e+04
1.524712921576957888e+04
1.524712921576957888e+04
1.524712921576957888e+04
1.524712921576957888e+04
1.524712921576957888e+04
1.524712921576957888e+04
1.524712921576957888e+04
1.524712921576957888e+04
1.524712921576957888e+04
1.524712921576957888e+04
1.524712921576957888e+04
1.524712921576957888e+04
1.524712921576957888e+04
1.524712921576957888e+04
1.524712921576957888e+04
1.524712921576957888e+04
1.524712921576957888e+04
1.524712921576957888e+04
1.524712921576957888e+04
1.514364941397287475e+04
1.514364941397287475e+04
1.514364941397287475e+04
1.514364941397287475e+04
1.514364941397287475e+04
1.514364941397287475e+04
1.514364941397287475e+04
1.514364941397287475e+04
1.514364941397287475e+04
1.514364941397287475e+04
1.514364941397287475e+04
1.514364941397287475e+04
1.514364941397287475e+04
1.514364941397287475e+04
1.514364941397287475e+04
1.514364941397287475e+04
1.514364941397287475e+04
1.514364941397287475e+04
1.514364941397287475e+04
1.514364941397287475e+04
1.514364941397287475e+04
1.514364941397287475e+04
1.514364941397287475e+04
1.514364941397287475e+04
1.511980653959885785e+04
1.511980653959885785e+04
1.511980653959885785e+04
1.511980653959885785e+04
1.493195149713288993e+04
1.493195149713288993e+04
1.493195149713288993e+04
1.493195149713288993e+04
1.493195149713288993e+04
1.487426562825744622e+04
1.487426562825744622e+04
1.487426562825744622e+04
1.487426562825744622e+04
1.487426562825744622e+04
1.487426562825744622e+04
1.487426562825744622e+04
1.487426562825744622e+04
1.487426562825744622e+04
1.487426562825744622e+04
1.487426562825744622e+04
1.487426562825744622e+04
1.487426562825744622e+04
1.487426562825744622e+04
1.487426562825744622e+04
1.487426562825744622e+04
1.487426562825744622e+04
1.471143780475080894e+04
1.471143780475080894e+04
1.471143780475080894e+04
1.471143780475080894e+04
1.471143780475080894e+04
1.471143780475080894e+04
1.471143780475080894e+04
1.471143780475080894e+04
1.457633115390338389e+04
1.457633115390338389e+04
1.457633115390338389e+04
1.457633115390338389e+04
1.457633115390338389e+04
1.457633115390338389e+04
1.457633115390338389e+04
1.457633115390338389e+04
1.457633115390338389e+04
1.457633115390338389e+04
1.457633115390338389e+04
1.457633115390338389e+04
1.457633115390338389e+04
1.457633115390338389e+04
1.457633115390338389e+04
1.442716978582174670e+04
1.442716978582174670e+04
1.442716978582174670e+04
1.442716978582174670e+04
1.442716978582174670e+04
1.442716978582174670e+04
1.442716978582174670e+04
1.442716978582174670e+04
1.442716978582174670e+04
1.442716978582174670e+04
1.442716978582174670e+04
1.442716978582174670e+04
1.442716978582174670e+04
1.442716978582174670e+04
1.442716978582174670e+04
1.442716978582174670e+04
1.442716978582174670e+04
1.442716978582174670e+04
1.437207673209554923e+04
1.437207673209554923e+04
1.437207673209554923e+04
1.437207673209554923e+04
1.437207673209554923e+04
1.437207673209554923e+04
1.437207673209554923e+04
1.437207673209554923e+04
1.437207673209554923e+04
1.437207673209554923e+04
1.437207673209554923e+04
1.436635267531537647e+04
1.436635267531537647e+04
1.436635267531537647e+04
1.436635267531538011e+04
1.436635267531537647e+04
1.436635267531537647e+04
1.436635267531537647e+04
1.436635267531537647e+04
1.436635267531537647e+04
1.436635267531538011e+04
1.436635267531537647e+04
1.434629665516808564e+04
1.434629665516808564e+04
1.434629665516808564e+04
1.434629665516808564e+04
1.434629665516808564e+04
1.434629665516808564e+04
1.430877455767007632e+04
1.430877455767007086e+04
1.430877455767007632e+04
1.430877455767007632e+04
1.430877455767007632e+04
1.428967389017888308e+04
1.428967389017888308e+04
1.428967389017888308e+04
1.428967389017888308e+04
1.428967389017888308e+04
1.428967389017888308e+04
1.428967389017888308e+04
1.428967389017888308e+04
1.415058759545184876e+04
1.415058759545184876e+04
1.415058759545184876e+04
1.415058759545184876e+04
1.415058759545184876e+04
1.415058759545184876e+04
1.415058759545184876e+04
1.415058759545184876e+04
1.415058759545184876e+04
1.415058759545184876e+04
1.415058759545184876e+04
1.415058759545184876e+04
1.408898888768863617e+04
1.408898888768863617e+04
1.408898888768863617e+04
1.408898888768863617e+04
1.404926243837809307e+04
1.404926243837809307e+04
1.404926243837809307e+04
1.404926243837809307e+04
1.404926243837809307e+04
1.404926243837809307e+04
1.404926243837809307e+04
1.404926243837809307e+04
1.404926243837809307e+04
1.404926243837809307e+04
1.404926243837809307e+04
1.404926243837809125e+04
1.404926243837809307e+04
1.404926243837809307e+04
1.404926243837809307e+04
1.396392169788990395e+04
1.396392169788990395e+04
1.396392169788990395e+04
1.396392169788990395e+04
1.396392169788990395e+04
1.390864806478119317e+04
1.390864806478119317e+04
1.390864806478119317e+04
1.390864806478119317e+04
1.390864806478119317e+04
1.390864806478119317e+04
1.390864806478119317e+04
1.390864806478119317e+04
1.390864806478119317e+04
1.390864806478119317e+04
1.389692787231991861e+04
1.376962790266846059e+04
1.376962790266846059e+04
1.376962790266846059e+04
1.376962790266846059e+04
1.376962790266846059e+04
1.364382396360166422e+04
1.364382396360166240e+04
1.357263774907752850e+04
1.357263774907753032e+04
1.357263774907753032e+04
1.357263774907753032e+04
1.357263774907753032e+04
1.357263774907753032e+04
1.357263774907753032e+04
1.357263774907753032e+04
1.357263774907753032e+04
1.357263774907753032e+04
1.357263774907753032e+04
1.357263774907753032e+04
1.357263774907753032e+04
1.354904172425655997e+04
1.354904172425655997e+04
1.354904172425655997e+04
1.354904172425655997e+04
1.354904172425655997e+04
1.354904172425655997e+04
1.350615191039964884e+04
1.350615191039964884e+04
1.350615191039964884e+04
1.350615191039964884e+04
1.350615191039964884e+04
1.350615191039964884e+04
1.347612645688421981e+04
1.347612645688421981e+04
1.347612645688421981e+04
1.347612645688421981e+04
1.347612645688421981e+04
1.347612645688421981e+04
1.347612645688421981e+04
1.347612645688421981e+04
1.347612645688421981e+04
1.347612645688421981e+04
1.347612645688421981e+04
1.347612645688421981e+04
1.347612645688421981e+04
1.347612645688421981e+04
1.347612645688421981e+04
1.347612645688421981e+04
1.347612645688421981e+04
1.347612645688421981e+04
1.347612645688421981e+04
1.347612645688421981e+04
1.347612645688421981e+04
1.347612645688421981e+04
1.347612645688421981e+04
1.347612645688421981e+04
1.347612645688421981e+04
1.347612645688421981e+04
1.347612645688421981e+04
1.347612645688421981e+04
1.347612645688421981e+04
1.347612645688421981e+04
1.347612645688421981e+04
1.347612645688421981e+04
1.347612645688421981e+04
1.346215587282746492e+04
1.346215587282746492e+04
1.346215587282746492e+04
1.346215587282746492e+04
1.346215587282746492e+04
1.346215587282746492e+04
1.346215587282746492e+04
1.346215587282746492e+04
1.346215587282746492e+04
1.346215587282746492e+04
1.346215587282746492e+04
1.346215587282746492e+04
1.346215587282746492e+04
1.346215587282746492e+04
1.346215587282746492e+04
1.346215587282746492e+04
1.346215587282746492e+04
1.346215587282746492e+04
1.346215587282746492e+04
1.346215587282746492e+04
1.346215587282746492e+04
1.338910376806619206e+04
1.338910376806619570e+04
1.338910376806619206e+04
1.338910376806619570e+04
1.338910376806619570e+04
1.338910376806619570e+04
1.338910376806619570e+04
1.338910376806619570e+04
1.338910376806619570e+04
1.338910376806619570e+04
1.338910376806619570e+04
1.338910376806619570e+04
1.338910376806619570e+04
1.338910376806619570e+04
1.338910376806619570e+04
1.338910376806619206e+04
1.331988144132470188e+04
1.331988144132470188e+04
1.331988144132470188e+04
1.325045792047163923e+04
1.325045792047163923e+04
1.325045792047163923e+04
1.325045792047163923e+04
1.325045792047163923e+04
1.325045792047163923e+04
1.325045792047163923e+04
1.325045792047163923e+04
1.325045792047163923e+04
1.325045792047163923e+04
1.325045792047163923e+04
1.317421806362892676e+04
1.317421806362892676e+04
1.317421806362892676e+04
1.317421806362892676e+04
1.317421806362892676e+04
1.317421806362892676e+04
1.317421806362892676e+04
1.317421806362892676e+04
1.317421806362892676e+04
1.317421806362892676e+04
1.317421806362892676e+04
1.317421806362892676e+04
1.317421806362892676e+04
1.317421806362892676e+04
1.317421806362892676e+04
1.317421806362892676e+04
1.317421806362892676e+04
1.317421806362892676e+04
1.317421806362892676e+04
1.317421806362892676e+04
1.313117851515020448e+04
1.313117851515020448e+04
1.313117851515020448e+04
1.313117851515020448e+04
1.313117851515020448e+04
1.313117851515020448e+04
1.313117851515020448e+04
1.313117851515020448e+04
1.313117851515020448e+04
1.313117851515020448e+04
1.313117851515020448e+04
1.313117851515020448e+04
1.313117851515020448e+04
1.313117851515020448e+04
1.313117851515020448e+04
1.313117851515020448e+04
1.313117851515020448e+04
1.313117851515020448e+04
1.313117851515020448e+04
1.313117851515020448e+04
1.313117851515020448e+04
1.313117851515020448e+04
1.307771274303817700e+04
1.307771274303817700e+04
1.307771274303817700e+04
1.307771274303817700e+04
1.307771274303817700e+04
1.307771274303817700e+04
1.307771274303817700e+04
1.307771274303817700e+04
1.307771274303817700e+04
1.307771274303817700e+04
1.307771274303817700e+04
1.307771274303817700e+04
1.307771274303817700e+04
1.307771274303817700e+04
1.307771274303817700e+04
1.307771274303817700e+04
1.307771274303817700e+04
1.307771274303817700e+04
1.307771274303817700e+04
1.307771274303817700e+04
1.302206653287619156e+04
1.302206653287619156e+04
1.302206653287619156e+04
1.302206653287619156e+04
1.302206653287619156e+04
1.302206653287619156e+04
1.302206653287619156e+04
1.302206653287619156e+04
1.302206653287619156e+04
1.302206653287619156e+04
1.302206653287619156e+04
1.302206653287619156e+04
1.302206653287619156e+04
1.302206653287619156e+04
1.302206653287619156e+04
1.302206653287619156e+04
1.302206653287619156e+04
1.302206653287619156e+04
1.302206653287619156e+04
1.302206653287619156e+04
1.302206653287619156e+04
1.302206653287619156e+04
1.302206653287619156e+04
1.302206653287619156e+04
1.302206653287619156e+04
1.302206653287619156e+04
1.302206653287619156e+04
1.302206653287619156e+04
1.302206653287619156e+04
1.302206653287619156e+04
1.302206653287619156e+04
1.302206653287619156e+04
1.298876902669805895e+04
1.298876902669805895e+04
1.298876902669805895e+04
1.298876902669805895e+04
1.298876902669805895e+04
1.298876902669805895e+04
1.298876902669805895e+04
1.298876902669805895e+04
1.298876902669805895e+04
