6.487957451483573612e-01
4.870298721128278885e-01
4.066248637845210068e-01
3.683313588192116406e-01
3.280836369742767822e-01
3.037952062538528120e-01
2.829445985880995051e-01
2.678443134730015274e-01
2.535453610305166139e-01
2.437669959169428968e-01
2.350463319481665425e-01
2.269854929952053457e-01
2.183435822137075877e-01
2.092263341886865247e-01
2.042667428482187186e-01
1.965135509339575037e-01
1.925006931975337121e-01
1.829019494310964444e-01
1.772847599566556298e-01
1.703833700234017035e-01
1.627623438996991800e-01
1.575145477301578278e-01
1.514414036443431644e-01
1.478660616435352460e-01
1.412797692134404315e-01
1.346406024547856795e-01
1.292181967674949639e-01
1.243696245497178526e-01
1.202885673314716408e-01
1.147250161383861766e-01
1.111669858689185997e-01
1.061192228502350482e-01
1.020824164455377131e-01
9.873986485880482944e-02
9.377344672281660853e-02
8.967018482246992550e-02
8.638604656957728223e-02
8.252472891314255321e-02
8.096203656945291649e-02
7.749808993808787738e-02
7.407875203929234487e-02
7.102340680819228813e-02
6.886613430264797164e-02
6.570851797994237131e-02
6.490262105566724227e-02
6.124456912079816184e-02
5.884135415184836571e-02
5.614414420108460035e-02
5.424745711930953340e-02
5.207889338684405095e-02
4.956758066877491042e-02
4.752711516515122775e-02
4.642086292355708521e-02
4.541806893245634025e-02
4.255601739140167650e-02
4.184823578471503353e-02
4.037629175798977677e-02
3.924761607000133018e-02
3.777771909322195226e-02
3.693450161222356504e-02
3.586976271542448302e-02
3.481359224053792029e-02
3.377999454462786433e-02
3.263317214718792353e-02
3.174498178280854566e-02
3.100836105014583705e-02
3.061595176759911857e-02
2.971143960381957341e-02
2.912929909475745621e-02
2.857116537799753511e-02
2.825649310223048508e-02
2.728332455109350532e-02
2.655924272539554945e-02
2.585014420736463092e-02
2.550008473111780097e-02
2.461046879564572284e-02
2.451630101999104777e-02
2.383106110554134710e-02
2.351804612221690752e-02
2.317537302121094878e-02
2.291285757332933021e-02
2.275490457294029184e-02
2.264179819950658951e-02
2.229337270135071589e-02
2.227715534940657993e-02
2.202518468383611247e-02
2.184772367655907557e-02
2.172530487981547132e-02
2.147278611072931526e-02
2.136682380213481697e-02
2.109445254714001697e-02
2.109101129258863366e-02
2.101078102569264167e-02
2.085259212747712226e-02
2.043440439025940442e-02
2.014108350616028095e-02
2.003231391181008528e-02
1.998980951610212012e-02
1.996320471562062007e-02
1.995934411975302386e-02
1.995934411975302386e-02
1.985625714357687477e-02
1.977097351066410894e-02
1.977097281522723071e-02
1.977097253814788860e-02
1.976737240322362990e-02
1.976737052726820418e-02
1.976735216724070238e-02
1.976735216724070238e-02
1.976734931494828623e-02
1.976733651354397464e-02
1.976733646228235816e-02
1.976733101951385491e-02
1.976491713749925147e-02
1.976469881623857394e-02
1.976468108035626600e-02
1.976467550355878733e-02
1.976467064629867584e-02
1.976467064629867584e-02
1.976466934576917925e-02
1.976462467514109381e-02
1.976462219115279403e-02
1.976462197503745660e-02
1.976462171845963858e-02
1.976462171845963858e-02
1.976461874768882174e-02
1.976461119226109384e-02
1.976461119226109384e-02
1.976460118463391549e-02
1.976460118463391549e-02
1.976459708044879179e-02
1.976459708044879179e-02
1.976459708044879179e-02
1.976459708044879179e-02
1.976459406726498169e-02
1.976459159524166301e-02
1.976459127610599026e-02
1.976459127610599026e-02
1.976459127610599026e-02
1.976459127610599026e-02
1.976459067158291977e-02
1.976459060562003184e-02
1.976459060562003184e-02
1.976458861101344430e-02
1.976458861101344430e-02
1.976458856549635421e-02
1.976458088202827021e-02
1.976458088202827021e-02
1.976458088202827021e-02
1.976458088202827021e-02
1.976458073031095788e-02
1.976458073031095788e-02
1.976458073031095788e-02
1.976458073031095788e-02
1.976458073031095788e-02
1.976458073031095788e-02
1.976458073031095788e-02
1.976458073031095788e-02
1.976458073031095788e-02
1.976458058665983564e-02
1.976458058665983564e-02
1.976457895279050067e-02
1.976457895279050067e-02
1.976457895279050067e-02
1.976457895279050067e-02
1.976457895279050067e-02
1.976457895279050067e-02
1.976457895279050067e-02
1.976457895279050067e-02
1.976457694600604331e-02
1.976457694600604331e-02
1.976457694600604331e-02
1.976456762381129800e-02
1.976456481306139087e-02
1.976456201301142121e-02
1.976456201301142121e-02
1.976456201301142121e-02
1.976456201301142121e-02
1.976456201301142121e-02
1.976456011123793599e-02
1.976456011123793599e-02
1.976456011123793599e-02
1.976456011123793599e-02
1.976456011123793599e-02
1.976455965330958450e-02
1.976455965330958450e-02
1.976455965330958450e-02
1.976455965330958450e-02
1.976455965330958450e-02
1.976455789997655713e-02
1.976455789997655713e-02
1.976455789997655713e-02
1.976455789997655713e-02
1.976455789997655713e-02
1.976455789997655713e-02
1.976455789997655713e-02
1.976455654516939831e-02
1.976455654516939831e-02
1.976455619384586207e-02
1.976455619384586207e-02
1.976455619384586207e-02
1.976455619384586207e-02
1.976455619384586207e-02
1.976455619384586207e-02
1.976455409498955804e-02
1.976455409498955804e-02
1.976455409498955804e-02
1.976455409498955804e-02
1.976455389729595002e-02
1.976455389729595002e-02
1.976455387882295259e-02
1.976455327331570755e-02
1.976455236104682558e-02
1.976455236104682558e-02
1.976455236104682558e-02
1.976455236104682558e-02
1.976455213804005975e-02
1.976455213804005975e-02
1.976455213804005975e-02
1.976455213804005975e-02
1.976455213804005975e-02
1.976455187381067485e-02
1.976455185556059285e-02
1.976455185556059285e-02
1.976455185556059285e-02
1.976455185556059285e-02
1.976455185556059285e-02
1.976455185556059285e-02
1.976455185556059285e-02
1.976455185556059285e-02
1.976455185556059285e-02
1.976455185556059285e-02
1.976455185556059285e-02
1.976455185556059285e-02
1.976455177896129997e-02
1.976455177896129997e-02
1.976455177896129997e-02
1.976455174398699180e-02
1.976455174398699180e-02
1.976455174398699180e-02
1.976455174398699180e-02
1.976455174398699180e-02
1.976455174398699180e-02
1.976455174398699180e-02
1.976455095838753825e-02
1.976455095838753825e-02
1.976455095838753825e-02
1.976455095838753825e-02
1.976455095838753825e-02
1.976455095838753825e-02
1.976455095838753825e-02
1.976455033415205897e-02
1.976455033415205897e-02
1.976455031292048692e-02
1.976455031292048692e-02
1.976455031292048692e-02
1.976455031292048692e-02
1.976455031292048692e-02
1.976455031292048692e-02
1.976455031292048692e-02
1.976455031292048692e-02
1.976455031292048692e-02
1.976455031292048692e-02
1.976455031292048692e-02
1.976455031292048692e-02
1.976455030732530982e-02
1.976455030732530982e-02
1.976455030732530982e-02
1.976455030732530982e-02
1.976455030732530982e-02
1.976455030732530982e-02
1.976455030732530982e-02
1.976454960468715383e-02
1.976454960468715383e-02
1.976454902553630849e-02
1.976454795550129998e-02
1.976454795550129998e-02
1.976454795550129998e-02
1.976454795550129998e-02
1.976454795550129998e-02
1.976454616124658642e-02
1.976454563316342242e-02
1.976454563316342242e-02
1.976454563316342242e-02
1.976454563316342242e-02
1.976454563316342242e-02
1.976454563316342242e-02
1.976454563316342242e-02
1.976454563316342242e-02
1.976454563316342242e-02
1.976454563316342242e-02
1.976454563316342242e-02
1.976454563316342242e-02
1.976454563316342242e-02
1.976454546849026883e-02
1.976454546849026883e-02
1.976454546849026883e-02
1.976454546849026883e-02
1.976454546849026883e-02
1.976454546849026883e-02
1.976454546849026883e-02
1.976454546849026883e-02
1.976454546849026883e-02
1.976454541861295475e-02
1.976454541861295475e-02
1.976454464502640923e-02
1.976454464502640923e-02
1.976454464502640923e-02
1.976454451116350236e-02
1.976454451116350236e-02
1.976454451116350236e-02
1.976454451116350236e-02
1.976454451116350236e-02
1.976454436596757763e-02
1.976454414999156278e-02
1.976454414999156278e-02
1.976454414999156278e-02
1.976454414999156278e-02
1.976454414999156278e-02
1.976454414999156278e-02
1.976454414999156278e-02
1.976454414999156278e-02
1.976454409877007046e-02
1.976454409877007046e-02
1.976454409877007046e-02
1.976454409877007046e-02
1.976454409877007046e-02
1.976454409877007046e-02
1.976454409877007046e-02
1.976454409877007046e-02
1.976454409877007046e-02
1.976454409877007046e-02
1.976454409877007046e-02
1.976454409877007046e-02
1.976454409877007046e-02
1.976454409877007046e-02
1.976454409877007046e-02
1.976454409877007046e-02
1.976454409877007046e-02
1.976454406148301854e-02
1.976454406148301854e-02
1.976454406148301854e-02
1.976454406148301854e-02
1.976454406148301854e-02
1.976454406148301854e-02
1.976454406148301854e-02
1.976454406148301854e-02
1.976454404607845203e-02
1.976454404607845203e-02
1.976454404607845203e-02
1.976454404607845203e-02
1.976454404607845203e-02
1.976454375849644868e-02
1.976454375849644868e-02
1.976454375849644868e-02
1.976454369250904217e-02
1.976454369250904217e-02
1.976454369250904217e-02
1.976454359896929677e-02
1.976454358424685129e-02
1.976454358424685129e-02
1.976454358424685129e-02
1.976454358424685129e-02
1.976454358424685129e-02
1.976454358424685129e-02
1.976454358424685129e-02
1.976454358424685129e-02
1.976454358424685129e-02
1.976454358424685129e-02
1.976454358424685129e-02
1.976454358424685129e-02
1.976454358424685129e-02
1.976454351803429849e-02
1.976454351803429849e-02
1.976454351803429849e-02
1.976454351803429849e-02
1.976454349291731014e-02
1.976454349291731014e-02
1.976454349291731014e-02
1.976454349291731014e-02
1.976454349291731014e-02
1.976454348677153181e-02
1.976454348677153181e-02
1.976454348677153181e-02
1.976454348677153181e-02
1.976454348677153181e-02
1.976454334852276520e-02
1.976454334852276520e-02
1.976454334852276520e-02
1.976454334852276520e-02
1.976454334852276520e-02
1.976454334852276520e-02
1.976454333100830310e-02
1.976454333100830310e-02
1.976454326253204719e-02
1.976454326253204719e-02
1.976454326253204719e-02
1.976454326253204719e-02
1.976454326253204719e-02
1.976454326253204719e-02
1.976454326253204719e-02
1.976454326253204719e-02
1.976454326253204719e-02
1.976454326253204719e-02
1.976454326253204719e-02
1.976454325945693064e-02
1.976454325945693064e-02
1.976454303152150663e-02
1.976454303152150663e-02
1.976454303152150663e-02
1.976454303152150663e-02
1.976454303152150663e-02
1.976454303152150663e-02
1.976454303152150663e-02
1.976454303152150663e-02
1.976454299741099707e-02
1.976454299741099707e-02
1.976454299741099707e-02
1.976454299741099707e-02
1.976454299741099707e-02
1.976454299741099707e-02
1.976454299741099707e-02
1.976454299741099707e-02
1.976454299741099707e-02
1.976454299741099707e-02
1.976454299741099707e-02
1.976454299741099707e-02
1.976454299741099707e-02
1.976454299741099707e-02
1.976454299741099707e-02
1.976454299741099707e-02
1.976454299741099707e-02
1.976454299741099707e-02
1.976454299741099707e-02
1.976454299741099707e-02
1.976454299741099707e-02
1.976454299741099707e-02
1.976454299741099707e-02
1.976454299741099707e-02
1.976454299741099707e-02
1.976454297917986519e-02
1.976454297917986519e-02
1.976454297917986519e-02
1.976454297917986519e-02
1.976454297917986519e-02
1.976454297917986519e-02
1.976454297917986519e-02
1.976454297917986519e-02
1.976454297917986519e-02
1.976454297917986519e-02
1.976454297917986519e-02
1.976454297917986519e-02
1.976454297917986519e-02
1.976454297917986519e-02
1.976454297917986519e-02
1.976454297917986519e-02
1.976454297917986519e-02
1.976454297917986519e-02
1.976454297917986519e-02
1.976454297917986519e-02
1.976454292523657438e-02
1.976454292523657438e-02
1.976454271979331129e-02
1.976454271979331129e-02
1.976454262761000516e-02
1.976454262761000516e-02
1.976454262761000516e-02
1.976454262761000516e-02
1.976454262761000516e-02
1.976454262761000516e-02
1.976454262761000516e-02
1.976454262761000516e-02
1.976454262761000516e-02
1.976454262761000516e-02
1.976454262761000516e-02
1.976454261694907816e-02
1.976454261694907816e-02
1.976454261694907816e-02
1.976454261694907816e-02
1.976454261694907816e-02
1.976454249907366040e-02
1.976454249907366040e-02
1.976454249907366040e-02
1.976454249907366040e-02
1.976454249907366040e-02
1.976454249907366040e-02
1.976454249907366040e-02
1.976454249907366040e-02
1.976454247582581578e-02
1.976454247582581578e-02
1.976454247582581578e-02
1.976454247146559179e-02
1.976454247146559179e-02
1.976454247146559179e-02
1.976454247146559179e-02
1.976454246853202520e-02
1.976454246853202520e-02
1.976454246064305101e-02
1.976454246064305101e-02
1.976454246064305101e-02
1.976454246064305101e-02
1.976454246064305101e-02
1.976454246064305101e-02
1.976454246064305101e-02
1.976454246064305101e-02
1.976454246064305101e-02
1.976454246064305101e-02
1.976454239630744819e-02
1.976454239630744819e-02
1.976454239630744819e-02
1.976454239630744819e-02
1.976454239630744819e-02
1.976454239630744819e-02
1.976454239630744819e-02
1.976454239630744819e-02
1.976454239630744819e-02
1.976454239630744819e-02
1.976454236984627813e-02
1.976454236984627813e-02
1.976454236984627813e-02
1.976454236984627813e-02
1.976454234986525782e-02
1.976454232198523314e-02
1.976454232198523314e-02
1.976454232198523314e-02
1.976454232198523314e-02
1.976454232198523314e-02
1.976454232198523314e-02
1.976454232198523314e-02
1.976454232198523314e-02
1.976454232198523314e-02
1.976454232198523314e-02
1.976454232198523314e-02
1.976454232198523314e-02
1.976454232198523314e-02
1.976454232198523314e-02
1.976454232198523314e-02
1.976454232198523314e-02
1.976454232198523314e-02
1.976454232198523314e-02
1.976454232198523314e-02
1.976454232198523314e-02
1.976454232104787531e-02
1.976454232104787531e-02
1.976454232104787531e-02
1.976454232104787531e-02
1.976454232104787531e-02
1.976454232104787531e-02
1.976454232104787531e-02
1.976454232104787531e-02
1.976454232104787531e-02
1.976454232104787531e-02
1.976454232104787531e-02
1.976454225027001604e-02
1.976454224154399267e-02
1.976454172902589526e-02
1.976454172902589526e-02
1.976454172902589526e-02
1.976454172902589526e-02
1.976454172902589526e-02
1.976454172902589526e-02
1.976454172902589526e-02
1.976454172902589526e-02
1.976454073559352764e-02
1.976454073559352764e-02
1.976454073559352764e-02
1.976454073559352764e-02
1.976454073559352764e-02
1.976454073559352764e-02
1.976454073559352764e-02
1.976454073559352764e-02
1.976454073559352764e-02
1.976454073559352764e-02
1.976454073559352764e-02
1.976454073559352764e-02
1.976454073559352764e-02
1.976454073559352764e-02
1.976454073559352764e-02
1.976454073559352764e-02
1.976454073559352764e-02
1.976454073559352764e-02
1.976454073559352764e-02
1.976454073559352764e-02
1.976454073559352764e-02
1.976454073559352764e-02
1.976454073559352764e-02
1.976454073102822118e-02
1.976454073102822118e-02
1.976454073102822118e-02
1.976454073102822118e-02
1.976454073102822118e-02
1.976454073102822118e-02
1.976454073102822118e-02
1.976454073102822118e-02
1.976454073102822118e-02
1.976454073102822118e-02
1.976454073102822118e-02
1.976454073102822118e-02
1.976454073102822118e-02
1.976454073102822118e-02
1.976454073102822118e-02
1.976454073102822118e-02
1.976454073102822118e-02
1.976454073102822118e-02
1.976454073102822118e-02
1.976454072448676977e-02
1.976454072448676977e-02
1.976454072446002033e-02
1.976454072446002033e-02
1.976454072446002033e-02
1.976454072446002033e-02
1.976454072446002033e-02
1.976454072446002033e-02
1.976454072446002033e-02
1.976454072446002033e-02
1.976454072446002033e-02
1.976454072446002033e-02
1.976454072446002033e-02
1.976454072446002033e-02
1.976454072446002033e-02
1.976454072446002033e-02
1.976454072446002033e-02
1.976454072446002033e-02
1.976454072446002033e-02
1.976454072446002033e-02
1.976454072446002033e-02
1.976454072446002033e-02
1.976454072446002033e-02
1.976454072446002033e-02
1.976454072446002033e-02
1.976454072446002033e-02
1.976454072446002033e-02
1.976454071833987775e-02
1.976454071833987775e-02
1.976454071833987775e-02
1.976454071833987775e-02
1.976454071833987775e-02
1.976454071833987775e-02
1.976454071833987775e-02
1.976454071833987775e-02
1.976454071833987775e-02
1.976454071833987775e-02
1.976454071833987775e-02
1.976454071833987775e-02
1.976454071833987775e-02
1.976454071833987775e-02
1.976454071833987775e-02
1.976454071833987775e-02
1.976454071833987775e-02
1.976454071833987775e-02
1.976454071833987775e-02
1.976454071833987775e-02
1.976454071833987775e-02
1.976454071833987775e-02
1.976454071833987775e-02
1.976454071833987775e-02
1.976454071833987775e-02
1.976454071833987775e-02
1.976454071833987775e-02
1.976454071833987775e-02
1.976454071833987775e-02
1.976454071833987775e-02
1.976454071833987775e-02
1.976454071833987775e-02
1.976454071833987775e-02
1.976454071833987775e-02
1.976454071833987775e-02
1.976454071833987775e-02
1.976454071833987775e-02
1.976454071833987775e-02
1.976454071833987775e-02
1.976454071833987775e-02
1.976454071833987775e-02
1.976454071462610887e-02
1.976454071462610887e-02
1.976454071462610887e-02
1.976454071462610887e-02
1.976454071462610887e-02
1.976454071462610887e-02
1.976454071462610887e-02
1.976454071462610887e-02
1.976454071462610887e-02
1.976454071462610887e-02
1.976454071462610887e-02
1.976454071462610887e-02
1.976454071462610887e-02
1.976454071462610887e-02
1.976454071462610887e-02
1.976454071462610887e-02
1.976454071462610887e-02
1.976454071462610887e-02
1.976454070353718395e-02
1.976454070353718395e-02
1.976454070353718395e-02
1.976454070353718395e-02
1.976454070353718395e-02
1.976454070353718395e-02
1.976454070353718395e-02
1.976454070353718395e-02
1.976454070353718395e-02
1.976454070353718395e-02
1.976454070353718395e-02
1.976454070353718395e-02
1.976454070353718395e-02
1.976454070353718395e-02
1.976454070353718395e-02
1.976454070353718395e-02
1.976454070353718395e-02
1.976454070353718395e-02
1.976454070353718395e-02
1.976454070353718395e-02
1.976454070353718395e-02
1.976454070353718395e-02
1.976454070353718395e-02
1.976454070353718395e-02
1.976454070353718395e-02
1.976454070353718395e-02
1.976454070353718395e-02
1.976454070353718395e-02
1.976454070353718395e-02
1.976454070353718395e-02
1.976454070353718395e-02
1.976454070353718395e-02
1.976454070353718395e-02
1.976454070353718395e-02
1.976454070353718395e-02
1.976454070353718395e-02
1.976454070353718395e-02
1.976454070353718395e-02
1.976454070353718395e-02
1.976454070353718395e-02
1.976454070353718395e-02
1.976454070353718395e-02
1.976454070353718395e-02
1.976454070353718395e-02
1.976454070353718395e-02
1.976454070353718395e-02
1.976454070353718395e-02
1.976454070353718395e-02
1.976454070353718395e-02
1.976454070353718395e-02
1.976454070353718395e-02
1.976454070353718395e-02
1.976454070353718395e-02
1.976454070353718395e-02
1.976454059245845440e-02
1.976454059245845440e-02
1.976454059245845440e-02
1.976454059245845440e-02
1.976454059245845440e-02
1.976454059245845440e-02
1.976454059245845440e-02
1.976454049180102063e-02
1.976454049180102063e-02
1.976454049180102063e-02
1.976454049180102063e-02
1.976454049180102063e-02
1.976454049180102063e-02
1.976454049180102063e-02
1.976454049180102063e-02
1.976454049180102063e-02
1.976454049180102063e-02
1.976454049180102063e-02
1.976454049180102063e-02
1.976454049180102063e-02
1.976454049180102063e-02
1.976454049180102063e-02
1.976454049180102063e-02
1.976454049180102063e-02
1.976454049180102063e-02
1.976454049180102063e-02
1.976454049180102063e-02
1.976454049180102063e-02
1.976454049180102063e-02
1.976454049180102063e-02
1.976454049052706052e-02
1.976454049052706052e-02
1.976454049052706052e-02
1.976454048366238156e-02
1.976454048366238156e-02
1.976454048366238156e-02
1.976454048366238156e-02
1.976454048366238156e-02
1.976454048366238156e-02
1.976454048366238156e-02
1.976454048366238156e-02
1.976454048366238156e-02
1.976454048366238156e-02
1.976454048366238156e-02
1.976454048366238156e-02
1.976454048366238156e-02
1.976454048366238156e-02
1.976454048366238156e-02
1.976454048366238156e-02
1.976454047449944379e-02
1.976454047449944379e-02
1.976454047449944379e-02
1.976454047449944379e-02
1.976454047449944379e-02
1.976454047449944379e-02
1.976454047449944379e-02
1.976454047449944379e-02
1.976454047449944379e-02
1.976454047449944379e-02
1.976454047449944379e-02
1.976454047449944379e-02
1.976454047449944379e-02
1.976454047449944379e-02
1.976454047449944379e-02
1.976454047449944379e-02
1.976454047449944379e-02
1.976454047449944379e-02
1.976454047449944379e-02
1.976454047449944379e-02
1.976454047449944379e-02
1.976454043187690982e-02
1.976454043187690982e-02
1.976454043187690982e-02
1.976454043187690982e-02
1.976454043187690982e-02
1.976454043187690982e-02
1.976454041833480141e-02
1.976454041833480141e-02
1.976454041833480141e-02
1.976454041833480141e-02
1.976454041833480141e-02
1.976454041833480141e-02
1.976454041833480141e-02
1.976454041833480141e-02
1.976454041833480141e-02
1.976454041833480141e-02
1.976454041833480141e-02
1.976454041833480141e-02
1.976454041833480141e-02
1.976454041833480141e-02
1.976454041833480141e-02
1.976454041833480141e-02
1.976454041833480141e-02
1.976454041833480141e-02
1.976454041833480141e-02
1.976454041833480141e-02
1.976454041833480141e-02
1.976454028674563129e-02
1.976454028306307009e-02
1.976454028306307009e-02
1.976454028306307009e-02
1.976454028306307009e-02
1.976454028306307009e-02
1.976454028306307009e-02
1.976454028306307009e-02
1.976454028306307009e-02
1.976454028306307009e-02
1.976454028306307009e-02
1.976454028306307009e-02
1.976454028306307009e-02
1.976454012192089410e-02
1.976454012192089410e-02
1.976454012192089410e-02
1.976454012192089410e-02
1.976454012192089410e-02
1.976454012192089410e-02
1.976454012192089410e-02
1.976454012192089410e-02
1.976454012192089410e-02
1.976454012192089410e-02
1.976454012192089410e-02
1.976454012192089410e-02
1.976454012192089410e-02
1.976454012192089410e-02
1.976454012192089410e-02
1.976454012192089410e-02
1.976454012192089410e-02
1.976454012192089410e-02
1.976454012192089410e-02
1.976454012192089410e-02
1.976454012192089410e-02
1.976454012192089410e-02
1.976454012192089410e-02
1.976454012192089410e-02
1.976454012192089410e-02
1.976454012192089410e-02
1.976454012192089410e-02
1.976454012192089410e-02
1.976454012192089410e-02
1.976454012192089410e-02
1.976454012192089410e-02
1.976454012192089410e-02
1.976454012192089410e-02
1.976454012192089410e-02
1.976454012192089410e-02
1.976454012192089410e-02
1.976454012192089410e-02
1.976454012192089410e-02
1.976454012192089410e-02
1.976454012192089410e-02
1.976454012192089410e-02
1.976454009358055014e-02
1.976454009358055014e-02
1.976454009358055014e-02
1.976454009358055014e-02
1.976454009358055014e-02
1.976454009358055014e-02
1.976454009358055014e-02
1.976454009358055014e-02
1.976454009358055014e-02
1.976454009358055014e-02
1.976454009358055014e-02
1.976454009358055014e-02
1.976454009358055014e-02
1.976454009358055014e-02
1.976454009358055014e-02
1.976454008223527126e-02
1.976454008196220150e-02
1.976454008196220150e-02
1.976454008196220150e-02
1.976454008196220150e-02
1.976454008196220150e-02
1.976454008196220150e-02
1.976454008196220150e-02
1.976454008196220150e-02
1.976454008196220150e-02
1.976454008196220150e-02
1.976454008196220150e-02
1.976454008196220150e-02
1.976454008196220150e-02
1.976454008196220150e-02
1.976454008196220150e-02
1.976454008196220150e-02
1.976454008196220150e-02
1.976454008196220150e-02
1.976454008196220150e-02
1.976454008196220150e-02
1.976454008196220150e-02
1.976454008196220150e-02
1.976454008196220150e-02
1.976454008196220150e-02
1.976454008196220150e-02
1.976454008196220150e-02
1.976454008196220150e-02
1.976454008196220150e-02
1.976454008196220150e-02
1.976454008196220150e-02
1.976454008196220150e-02
1.976454008196220150e-02
1.976454008196220150e-02
1.976454008196220150e-02
1.976454008196220150e-02
1.976454008196220150e-02
1.976454008196220150e-02
1.976454008196220150e-02
1.976454008196220150e-02
1.976454008196220150e-02
1.976454008196220150e-02
1.976454008196220150e-02
1.976454008196220150e-02
1.976454008196220150e-02
1.976454008196220150e-02
1.976454008196220150e-02
1.976454008196220150e-02
1.976454008196220150e-02
1.976454008196220150e-02
1.976454008196220150e-02
1.976454008196220150e-02
1.976454008196220150e-02
1.976454008196220150e-02
1.976454008196220150e-02
1.976454008196220150e-02
1.976454008196220150e-02
1.976454008196220150e-02
1.976454008196220150e-02
1.976454008196220150e-02
1.976454008196220150e-02
1.976454008196220150e-02
1.976454008196220150e-02
1.976454008196220150e-02
1.976454008196220150e-02
1.976454008196220150e-02
1.976454008196220150e-02
1.976454008196220150e-02
1.976454008196220150e-02
1.976454008196220150e-02
1.976454008196220150e-02
1.976454008196220150e-02
1.976454008196220150e-02
1.976454008196220150e-02
1.976454008196220150e-02
1.976454008196220150e-02
1.976454008196220150e-02
1.976454008196220150e-02
1.976454008196220150e-02
1.976454008196220150e-02
1.976454008196220150e-02
1.976454008196220150e-02
1.976454008196220150e-02
1.976454008113629965e-02
1.976454008113629965e-02
1.976454008113629965e-02
1.976454008113629965e-02
1.976454008113629965e-02
1.976454008113629965e-02
