2.607855038347815935e+02
2.300519463727914342e+02
2.025357655659147440e+02
1.726989430415753759e+02
1.457217911406187056e+02
1.284503057535540052e+02
1.090099855864970237e+02
9.571023706381707541e+01
8.639582420665179541e+01
7.780221208340508099e+01
6.985078184455018402e+01
6.473633819436686565e+01
5.748811956239150334e+01
5.280667172040589463e+01
4.932066833802278438e+01
4.599417214064963133e+01
4.127541792390548636e+01
3.752423217003249789e+01
3.445300663170682043e+01
3.248658110486339012e+01
3.041780550464584465e+01
2.850558755450393633e+01
2.689384803746368036e+01
2.466621145255944469e+01
2.345263764440778687e+01
2.207577679080840483e+01
2.105585933179664693e+01
2.020319577427877533e+01
1.951900795286654500e+01
1.846151147382250457e+01
1.802909861990906748e+01
1.718341986792336940e+01
1.636408238841527663e+01
1.581036588908985685e+01
1.531042800861284903e+01
1.487764477513745476e+01
1.452850852837519469e+01
1.412818565698782969e+01
1.377509497528579274e+01
1.345934383120849098e+01
1.313373456519064852e+01
1.284673979751322825e+01
1.260384073466613764e+01
1.247847215578926594e+01
1.220769538084458894e+01
1.207985495354447814e+01
1.185854480818844081e+01
1.179533572498337257e+01
1.173690034282873462e+01
1.160641088539595245e+01
1.152272480040619484e+01
1.150472075279898831e+01
1.130245401855895260e+01
1.115585059719043848e+01
1.107083282957431436e+01
1.099191401903614462e+01
1.084326098091231572e+01
1.069390474488355025e+01
1.063941153191226263e+01
1.060151154675478402e+01
1.054513236845749624e+01
1.050010996250228956e+01
1.043639628129434982e+01
1.035367025305843036e+01
1.028746706998620475e+01
1.019855778459833040e+01
1.017579839703442701e+01
1.016210151885315227e+01
1.011887040926976056e+01
1.005209308199868268e+01
9.989831530185515618e+00
9.921607934362242531e+00
9.893387090752296942e+00
9.893387090752296942e+00
9.891376431794084212e+00
9.838322746074439351e+00
9.760376620654183100e+00
9.747610323585707448e+00
9.707677782306248560e+00
9.695325883657451627e+00
9.659508767946675789e+00
9.653852791151679824e+00
9.649909909526520835e+00
9.647436048404395947e+00
9.608079769137438220e+00
9.583817130428940345e+00
9.560581441175168393e+00
9.529001689815130405e+00
9.517284003107739920e+00
9.498812294428585545e+00
9.447225297898233620e+00
9.434641901225820249e+00
9.383536636160812350e+00
9.376830870361535730e+00
9.346291507681650401e+00
9.320286780803392901e+00
9.302214832592424543e+00
9.275293311416412223e+00
9.213505337195261546e+00
9.195731322511614181e+00
9.181324833267085594e+00
9.178827997093637947e+00
9.167517936761921504e+00
9.136487452966138179e+00
9.121881186642490036e+00
9.092238442134201293e+00
9.076504668840598811e+00
9.075346455536385193e+00
9.061572020654079296e+00
9.052197016021985121e+00
9.051664881284166242e+00
9.042336806182145637e+00
9.038200815562692725e+00
9.028925925793542362e+00
9.028925925793542362e+00
9.024040636254554215e+00
9.023365396060953003e+00
9.012938866848472230e+00
9.012938866848472230e+00
9.005588312508573168e+00
8.996513310563260646e+00
8.989611067578472614e+00
8.940429997296782005e+00
8.925966607761029792e+00
8.908054080240724204e+00
8.893571497732398967e+00
8.859399431856529006e+00
8.859399431856529006e+00
8.859399431856529006e+00
8.853355199849962887e+00
8.845493096998477967e+00
8.831435959207494690e+00
8.825713745449274228e+00
8.809833360371579047e+00
8.809833360371579047e+00
8.804865108602569990e+00
8.802230767863616023e+00
8.802230767863616023e+00
8.802230767863616023e+00
8.779902402261299699e+00
8.779902402261299699e+00
8.779902402261299699e+00
8.779902402261299699e+00
8.775222983239341801e+00
8.775222983239341801e+00
8.775222983239341801e+00
8.775222983239341801e+00
8.775222983239341801e+00
8.762795376386442570e+00
8.728992108445279285e+00
8.728992108445279285e+00
8.726558459606948759e+00
8.726446024689918701e+00
8.721795887453295038e+00
8.720947090026143655e+00
8.720056065353142927e+00
8.720056065353142927e+00
8.719348318107591922e+00
8.714886377990866961e+00
8.711169628884642080e+00
8.690628521458140909e+00
8.668949051633767056e+00
8.665742302073990544e+00
8.665142961902622787e+00
8.643952127613514946e+00
8.639222465880585844e+00
8.639222465880585844e+00
8.638639051617698073e+00
8.637519057813721091e+00
8.637519057813721091e+00
8.633969688847779267e+00
8.625874815699773990e+00
8.624842128090694615e+00
8.611304073362120448e+00
8.611235613314624615e+00
8.594019449676405742e+00
8.590950966243893205e+00
8.590950966243893205e+00
8.585762415527320002e+00
8.585762415527320002e+00
8.584726223386521582e+00
8.574086763130020827e+00
8.564156642349706416e+00
8.558460008264399121e+00
8.553183261260237202e+00
8.547623143457959927e+00
8.547623143457959927e+00
8.542361084592753784e+00
8.540728027735285721e+00
8.540062268349151609e+00
8.538324738887149934e+00
8.518532921402645286e+00
8.518532921402645286e+00
8.518532921402645286e+00
8.513456115655749556e+00
8.513316291712179407e+00
8.513316291712179407e+00
8.511029896387682925e+00
8.511029896387682925e+00
8.506742032115317542e+00
8.506742032115317542e+00
8.500519788965190671e+00
8.497777895117136993e+00
8.487709884723587450e+00
8.484410202416830415e+00
8.465916949810383230e+00
8.465916949810383230e+00
8.465916949810383230e+00
8.459942293423027948e+00
8.459942293423027948e+00
8.459942293423027948e+00
8.448275128582986682e+00
8.447399481995608639e+00
8.447399481995608639e+00
8.447399481995608639e+00
8.447399481995608639e+00
8.443917420872429247e+00
8.437876995225929377e+00
8.435525184376192698e+00
8.435525184376192698e+00
8.435525184376192698e+00
8.420990627393662109e+00
8.420990627393662109e+00
8.414365897633608427e+00
8.414365897633608427e+00
8.414365897633608427e+00
8.411429719995808796e+00
8.409727406414907236e+00
8.409727406414907236e+00
8.409727406414907236e+00
8.409727406414907236e+00
8.409727406414907236e+00
8.409727406414907236e+00
8.409727406414907236e+00
8.409032980034472970e+00
8.409032980034472970e+00
8.397548038350960198e+00
8.397548038350960198e+00
8.390375198388349887e+00
8.384503451869022683e+00
8.384503451869022683e+00
8.378878009714359365e+00
8.370714034164162598e+00
8.370714034164162598e+00
8.359218064313044039e+00
8.351429494647868879e+00
8.351429494647868879e+00
8.351429494647868879e+00
8.337053581611371555e+00
8.337053581611371555e+00
8.333755345015301685e+00
8.333755345015301685e+00
8.333269089782945116e+00
8.333269089782945116e+00
8.333269089782945116e+00
8.321739257852167171e+00
8.321739257852167171e+00
8.321739257852167171e+00
8.319628250111763990e+00
8.319628250111763990e+00
8.319628250111763990e+00
8.319628250111763990e+00
8.317555883911593284e+00
8.317555883911593284e+00
8.314871521926683329e+00
8.311800495282632539e+00
8.311800495282632539e+00
8.311800495282632539e+00
8.311780313377729712e+00
8.311780313377729712e+00
8.311780313377729712e+00
8.311321027634043901e+00
8.311123758584631815e+00
8.310817433236536544e+00
8.310817433236536544e+00
8.310053836582685705e+00
8.305573721689086142e+00
8.302080267213478137e+00
8.302080267213478137e+00
8.302080267213478137e+00
8.302080267213478137e+00
8.302080267213478137e+00
8.302080267213478137e+00
8.297962768836047331e+00
8.297962768836047331e+00
8.297962768836047331e+00
8.297324591916602543e+00
8.297324591916602543e+00
8.296398245608179067e+00
8.294295286064757633e+00
8.294295286064757633e+00
8.287746164780989133e+00
8.277959372476619393e+00
8.277959372476619393e+00
8.277959372476619393e+00
8.277959372476619393e+00
8.277959372476619393e+00
8.277959372476619393e+00
8.277959372476619393e+00
8.269706222473441670e+00
8.268916588523417488e+00
8.267172527437557150e+00
8.266975661110224749e+00
8.266975661110224749e+00
8.264459769822943613e+00
8.262860872993140759e+00
8.260110701272067146e+00
8.251932092293410292e+00
8.251164763671301472e+00
8.251164763671301472e+00
8.251164763671301472e+00
8.251164763671301472e+00
8.251164763671301472e+00
8.251164763671301472e+00
8.251164763671301472e+00
8.251164763671301472e+00
8.245702379075030564e+00
8.245702379075030564e+00
8.243785945738652643e+00
8.243785945738652643e+00
8.243171486817425730e+00
8.243171486817425730e+00
8.240640363957716374e+00
8.240640363957716374e+00
8.237683105707986897e+00
8.237683105707986897e+00
8.235682727062600961e+00
8.235682727062600961e+00
8.233033390602226831e+00
8.233033390602226831e+00
8.233033390602226831e+00
8.230791812197992385e+00
8.230791812197992385e+00
8.230791812197992385e+00
8.230791812197992385e+00
8.230046170919893100e+00
8.230046170919893100e+00
8.230046170919893100e+00
8.230046170919893100e+00
8.230046170919893100e+00
8.225277741933407327e+00
8.225277741933407327e+00
8.225277741933407327e+00
8.225277741933407327e+00
8.221190694455176029e+00
8.221190694455176029e+00
8.221190694455176029e+00
8.221190694455176029e+00
8.221190694455176029e+00
8.221190694455176029e+00
8.220220593745484194e+00
8.217695704382236954e+00
8.214087025171423306e+00
8.214087025171423306e+00
8.213245936854184137e+00
8.213245936854184137e+00
8.213245936854184137e+00
8.213245936854184137e+00
8.213245936854184137e+00
8.213245936854184137e+00
8.213245936854184137e+00
8.213245936854184137e+00
8.213245936854184137e+00
8.206950148118561827e+00
8.206950148118561827e+00
8.205048098948093838e+00
8.205048098948093838e+00
8.202014989705251224e+00
8.202014989705251224e+00
8.202014989705251224e+00
8.202014989705251224e+00
8.202014989705251224e+00
8.200167308661704624e+00
8.200167308661704624e+00
8.200167308661704624e+00
8.200167308661704624e+00
8.200167308661704624e+00
8.200167308661704624e+00
8.200167308661704624e+00
8.200167308661704624e+00
8.200167308661704624e+00
8.200167308661704624e+00
8.196715187750992726e+00
8.196715187750992726e+00
8.196715187750992726e+00
8.196715187750992726e+00
8.195623409801939374e+00
8.195623409801939374e+00
8.193355333484198866e+00
8.193334772124757137e+00
8.193334772124757137e+00
8.190221975812528754e+00
8.190221975812528754e+00
8.188013390164767813e+00
8.188013390164767813e+00
8.188013390164767813e+00
8.188013390164767813e+00
8.188013390164767813e+00
8.188013390164767813e+00
8.188013390164767813e+00
8.186088045123939949e+00
8.186088045123939949e+00
8.185714262601960556e+00
8.185714262601960556e+00
8.185714262601960556e+00
8.185714262601960556e+00
8.180906646890118594e+00
8.180906646890118594e+00
8.180906646890118594e+00
8.180906646890118594e+00
8.180906646890118594e+00
8.180906646890118594e+00
8.180906646890118594e+00
8.180906646890118594e+00
8.180784711223431316e+00
8.180784711223431316e+00
8.178618244649470626e+00
8.178618244649470626e+00
8.178618244649470626e+00
8.178618244649470626e+00
8.178618244649470626e+00
8.178618244649470626e+00
8.175801202368875309e+00
8.175801202368875309e+00
8.175801202368875309e+00
8.175801202368875309e+00
8.175801202368875309e+00
8.175801202368875309e+00
8.175801202368875309e+00
8.171867956848794634e+00
8.171867956848794634e+00
8.171867956848794634e+00
8.170329376862492055e+00
8.170329376862492055e+00
8.168504198846481046e+00
8.168504198846481046e+00
8.168504198846481046e+00
8.168504198846481046e+00
8.168504198846481046e+00
8.163101112997189546e+00
8.162341493857512731e+00
8.162341493857512731e+00
8.158140032328439872e+00
8.158140032328439872e+00
8.158140032328439872e+00
8.156553285186509683e+00
8.156553285186509683e+00
8.153144286842296751e+00
8.151137090560400367e+00
8.151137090560400367e+00
8.151137090560400367e+00
8.151137090560400367e+00
8.150465427411875297e+00
8.150465427411875297e+00
8.150465427411875297e+00
8.150465427411875297e+00
8.147686279296875611e+00
8.147314018044296446e+00
8.147314018044296446e+00
8.146011317232314752e+00
8.142750930515397556e+00
8.139255054719914284e+00
8.138163969755778382e+00
8.137994351965661011e+00
8.137994351965661011e+00
8.137994351965661011e+00
8.137994351965661011e+00
8.133415532471245157e+00
8.133415532471245157e+00
8.133415532471245157e+00
8.133415532471245157e+00
8.132527027043296997e+00
8.132527027043296997e+00
8.132527027043296997e+00
8.132527027043296997e+00
8.132527027043296997e+00
8.132527027043296997e+00
8.129292623819535990e+00
8.129292623819535990e+00
8.129292623819535990e+00
8.129292623819535990e+00
8.129292623819535990e+00
8.129292623819535990e+00
8.129292623819535990e+00
8.127818518111755708e+00
8.127818518111755708e+00
8.127818518111755708e+00
8.127818518111755708e+00
8.127818518111755708e+00
8.127818518111755708e+00
8.123556728548335215e+00
8.123556728548335215e+00
8.123556728548335215e+00
8.123556728548335215e+00
8.123556728548335215e+00
8.119138639677245806e+00
8.119031347228208517e+00
8.118929263775999772e+00
8.118929263775999772e+00
8.115506775712610477e+00
8.115506775712610477e+00
8.115506775712610477e+00
8.114643682203926289e+00
8.113914892730234030e+00
8.113914892730234030e+00
8.113914892730234030e+00
8.113914892730234030e+00
8.113914892730234030e+00
8.113914892730234030e+00
8.113914892730234030e+00
8.112965541678581971e+00
8.112965541678581971e+00
8.112965541678581971e+00
8.112965541678581971e+00
8.112965541678581971e+00
8.112300883626492265e+00
8.112300883626492265e+00
8.112300883626492265e+00
8.112300883626492265e+00
8.111136578090267335e+00
8.111136578090267335e+00
8.111136578090267335e+00
8.111136578090267335e+00
8.111136578090267335e+00
8.111136578090267335e+00
8.111136578090267335e+00
8.110493701908415787e+00
8.110493701908415787e+00
8.110493701908415787e+00
8.110493701908415787e+00
8.110493701908415787e+00
8.110493701908415787e+00
8.109930496164631464e+00
8.109930496164631464e+00
8.109930496164631464e+00
8.109930496164631464e+00
8.105676157914663449e+00
8.105676157914663449e+00
8.105676157914663449e+00
8.105676157914663449e+00
8.105676157914663449e+00
8.105676157914663449e+00
8.105676157914663449e+00
8.105676157914663449e+00
8.103025473185160976e+00
8.103025473185160976e+00
8.103025473185160976e+00
8.102271315775478655e+00
8.101032363701495598e+00
8.099543360072006593e+00
8.099543360072006593e+00
8.099543360072006593e+00
8.096851745534630496e+00
8.096851745534630496e+00
8.096851745534630496e+00
8.094520137052443332e+00
8.094520137052443332e+00
8.093149712517154981e+00
8.092426386550414463e+00
8.092426386550414463e+00
8.092426386550414463e+00
8.092426386550414463e+00
8.091960410617764055e+00
8.091960410617764055e+00
8.091960410617764055e+00
8.091960410617764055e+00
8.091960410617764055e+00
8.091960410617764055e+00
8.091960410617764055e+00
8.089813788467095534e+00
8.089813788467095534e+00
8.089813788467095534e+00
8.089813788467095534e+00
8.089813788467095534e+00
8.089813788467095534e+00
8.089813788467095534e+00
8.089230353023616260e+00
8.089230353023616260e+00
8.089230353023616260e+00
8.089230353023616260e+00
8.089230353023616260e+00
8.089230353023616260e+00
8.089230353023616260e+00
8.089230353023616260e+00
8.089230353023616260e+00
8.089230353023616260e+00
8.089230353023616260e+00
8.089230353023616260e+00
8.089230353023616260e+00
8.089230353023616260e+00
8.089230353023616260e+00
8.089230353023616260e+00
8.089230353023616260e+00
8.088350282943782332e+00
8.087980855138201974e+00
8.087980855138201974e+00
8.087980855138201974e+00
8.087980855138201974e+00
8.087980855138201974e+00
8.087980855138201974e+00
8.084594868876228801e+00
8.084594868876228801e+00
8.084594868876228801e+00
8.083182635189579912e+00
8.082377017832349964e+00
8.082377017832349964e+00
8.082377017832349964e+00
8.082377017832349964e+00
8.082377017832349964e+00
8.080985018594157410e+00
8.080985018594157410e+00
8.080985018594157410e+00
8.078456750768411965e+00
8.077771792712695742e+00
8.077771792712695742e+00
8.077771792712695742e+00
8.073181838117386988e+00
8.073181838117386988e+00
8.073181838117386988e+00
8.073181838117386988e+00
8.073181838117386988e+00
8.073181838117386988e+00
8.073181838117386988e+00
8.073181838117386988e+00
8.069583949734655093e+00
8.069583949734655093e+00
8.068301416705873308e+00
8.068301416705873308e+00
8.066081324347115000e+00
8.062740619176070211e+00
8.060599484150134941e+00
8.060599484150134941e+00
8.060278426298239651e+00
8.060278426298239651e+00
8.060278426298239651e+00
8.060278426298239651e+00
8.060278426298239651e+00
8.060278426298239651e+00
8.060278426298239651e+00
8.060278426298239651e+00
8.060278426298239651e+00
8.060278426298239651e+00
8.060278426298239651e+00
8.060278426298239651e+00
8.060278426298239651e+00
8.060278426298239651e+00
8.060278426298239651e+00
8.060278426298239651e+00
8.060278426298239651e+00
8.060278426298239651e+00
8.060278426298239651e+00
8.060278426298239651e+00
8.060278426298239651e+00
8.060278426298239651e+00
8.060232311196342536e+00
8.060232311196342536e+00
8.060232311196342536e+00
8.060151089406748071e+00
8.060151089406748071e+00
8.058928136774188289e+00
8.058928136774188289e+00
8.058190152369364867e+00
8.058190152369364867e+00
8.057811924119324232e+00
8.056179190240044363e+00
8.056179190240044363e+00
8.055010898959448440e+00
8.055010898959448440e+00
8.051946530921036072e+00
8.051946530921036072e+00
8.051946530921036072e+00
8.051946530921036072e+00
8.051946530921036072e+00
8.049448930947983527e+00
8.049448930947983527e+00
8.049448930947983527e+00
8.049448930947983527e+00
8.045646341049476291e+00
8.045646341049476291e+00
8.045646341049476291e+00
8.045646341049476291e+00
8.045646341049476291e+00
8.045646341049476291e+00
8.045646341049476291e+00
8.042618999929997514e+00
8.042618999929997514e+00
8.042618999929997514e+00
8.042618999929997514e+00
8.040830121406999709e+00
8.040830121406999709e+00
8.040830121406999709e+00
8.040830121406999709e+00
8.034842607325407116e+00
8.034842607325407116e+00
8.034842607325407116e+00
8.034842607325407116e+00
8.032055393679586430e+00
8.032055393679586430e+00
8.032055393679586430e+00
8.032055393679586430e+00
8.031533506728882443e+00
8.029403524732082076e+00
8.025508919342772884e+00
8.025508919342772884e+00
8.025508919342772884e+00
8.025508919342772884e+00
8.025508919342772884e+00
8.025508919342772884e+00
8.025332588742660533e+00
8.025332588742660533e+00
8.025332588742660533e+00
8.025332588742660533e+00
8.023886876829406489e+00
8.023886876829406489e+00
8.023127365545951406e+00
8.023011853304787167e+00
8.023011853304787167e+00
8.023011853304787167e+00
8.023011853304787167e+00
8.023011853304787167e+00
8.023011853304787167e+00
8.021333384625286556e+00
8.021333384625286556e+00
8.021333384625286556e+00
8.021333384625286556e+00
8.021333384625286556e+00
8.021333384625286556e+00
8.020539848965626106e+00
8.019085386714067454e+00
8.019085386714067454e+00
8.019085386714067454e+00
8.019085386714067454e+00
8.019085386714067454e+00
8.016979913805180047e+00
8.016979913805180047e+00
8.016979913805180047e+00
8.016979913805180047e+00
8.016979913805180047e+00
8.013295490267967836e+00
8.013295490267967836e+00
8.013295490267967836e+00
8.013295490267967836e+00
8.012930891672704448e+00
8.012082700387708201e+00
8.012082700387708201e+00
8.012082700387708201e+00
8.012082700387708201e+00
8.012082700387708201e+00
8.012082700387708201e+00
8.012082700387708201e+00
8.012082700387708201e+00
8.012082700387708201e+00
8.011530854098280585e+00
8.011530854098280585e+00
8.011530854098280585e+00
8.011530854098280585e+00
8.011530854098280585e+00
8.011530854098280585e+00
8.011530854098280585e+00
8.011530854098280585e+00
8.010427421111812052e+00
8.010427421111812052e+00
8.010427421111812052e+00
8.010427421111812052e+00
8.008831297047677822e+00
8.005892263266398245e+00
8.005892263266398245e+00
8.005892263266398245e+00
8.005892263266398245e+00
8.005892263266398245e+00
8.005227792621100846e+00
8.005227792621100846e+00
8.004909509280398794e+00
8.004909509280398794e+00
8.004909509280398794e+00
8.000838236505353862e+00
8.000838236505353862e+00
8.000838236505353862e+00
8.000838236505353862e+00
8.000838236505353862e+00
8.000838236505353862e+00
8.000838236505353862e+00
8.000838236505353862e+00
7.998562844509264913e+00
7.998562844509264913e+00
7.998302866141115963e+00
7.998302866141115963e+00
7.998302866141115963e+00
7.998302866141115963e+00
7.998302866141115963e+00
7.998302866141115963e+00
7.998302866141115963e+00
7.998302866141115963e+00
7.998302866141115963e+00
7.998302866141115963e+00
7.998302866141115963e+00
7.998302866141115963e+00
7.997966015128942452e+00
7.997966015128942452e+00
7.997966015128942452e+00
7.997966015128942452e+00
7.997966015128942452e+00
7.997966015128942452e+00
7.993756528440046694e+00
7.993756528440046694e+00
7.992638965558117370e+00
7.992638965558117370e+00
7.992638965558117370e+00
7.992638965558117370e+00
7.992638965558117370e+00
7.992638965558117370e+00
7.992638965558117370e+00
7.992638965558117370e+00
7.992638965558117370e+00
7.992638965558117370e+00
7.992638965558117370e+00
7.992638965558117370e+00
7.992339557747854428e+00
7.992339557747854428e+00
7.992339557747854428e+00
7.992339557747854428e+00
7.989650983379423366e+00
7.989650983379423366e+00
7.989650983379423366e+00
7.987110231911279001e+00
7.987110231911279001e+00
7.987110231911279001e+00
7.987110231911279001e+00
7.987110231911279001e+00
7.987110231911279001e+00
7.987110231911279001e+00
7.987110231911279001e+00
7.987110231911279001e+00
7.987110231911279001e+00
7.985980327043558091e+00
7.985518926559353581e+00
7.984681873912736982e+00
7.984681873912736982e+00
7.984681873912736982e+00
7.984681873912736982e+00
7.984681873912736982e+00
7.984681873912736982e+00
7.982999290549765092e+00
7.982999290549765092e+00
7.982338624547708150e+00
7.982338624547708150e+00
7.982338624547708150e+00
7.982338624547708150e+00
7.982338624547708150e+00
7.981639335035392691e+00
7.981639335035392691e+00
7.981639335035392691e+00
7.981639335035392691e+00
7.976871417512738205e+00
7.976871417512738205e+00
7.976871417512738205e+00
7.976871417512738205e+00
7.976871417512738205e+00
7.976871417512738205e+00
7.976871417512738205e+00
7.976871417512738205e+00
7.976871417512738205e+00
7.974611309174815865e+00
7.974611309174815865e+00
7.973376982810013835e+00
7.971381223139247574e+00
7.971381223139247574e+00
7.971069411060211607e+00
7.966648000576054045e+00
7.966648000576054045e+00
7.966648000576054045e+00
7.966648000576054045e+00
7.966648000576054045e+00
7.966648000576054045e+00
7.966648000576054045e+00
7.966648000576054045e+00
7.966648000576054045e+00
7.966648000576054045e+00
7.966648000576054045e+00
7.966648000576054045e+00
7.966648000576054045e+00
7.966648000576054045e+00
7.966648000576054045e+00
7.966648000576054045e+00
7.966648000576054045e+00
7.966648000576054045e+00
7.966648000576054045e+00
7.966648000576054045e+00
7.966648000576054045e+00
7.966648000576054045e+00
7.964734725267896387e+00
7.964734725267896387e+00
7.964734725267896387e+00
7.964734725267896387e+00
7.964734725267896387e+00
7.964734725267896387e+00
7.964515449984818751e+00
7.964515449984818751e+00
7.964515449984818751e+00
7.964515449984818751e+00
7.964515449984818751e+00
7.964515449984818751e+00
7.964515449984818751e+00
7.964515449984818751e+00
7.964515449984818751e+00
7.964515449984818751e+00
7.964515449984818751e+00
7.964515449984818751e+00
7.964515449984818751e+00
7.964515449984818751e+00
7.964515449984818751e+00
7.964515449984818751e+00
7.964515449984818751e+00
7.964515449984818751e+00
7.962773852797556451e+00
7.962773852797556451e+00
7.962773852797556451e+00
7.962773852797556451e+00
7.962773852797556451e+00
7.962773852797556451e+00
7.962773852797556451e+00
7.962773852797556451e+00
7.962773852797556451e+00
7.962773852797556451e+00
7.962773852797556451e+00
7.962773852797556451e+00
7.962773852797556451e+00
7.958997708963337914e+00
7.958997708963337914e+00
7.958997708963337914e+00
7.958997708963337914e+00
7.958997708963337914e+00
7.958997708963337914e+00
7.958997708963337914e+00
7.958997708963337914e+00
7.958997708963337914e+00
7.958997708963337914e+00
7.958997708963337914e+00
7.958997708963337914e+00
7.958997708963337914e+00
7.958997708963337914e+00
7.958997708963337914e+00
7.958615968011879538e+00
7.958615968011879538e+00
7.958615968011879538e+00
7.958615968011879538e+00
7.958615968011879538e+00
7.958615968011879538e+00
7.958615968011879538e+00
7.958615968011879538e+00
7.958492794573307272e+00
7.958492794573307272e+00
7.958492794573307272e+00
7.958492794573307272e+00
7.958492794573307272e+00
7.958474784556332615e+00
7.958474784556332615e+00
7.957117168161066623e+00
7.957117168161066623e+00
7.957117168161066623e+00
7.957117168161066623e+00
7.957117168161066623e+00
7.957117168161066623e+00
7.957117168161066623e+00
7.957117168161066623e+00
7.957117168161066623e+00
7.957117168161066623e+00
7.957117168161066623e+00
7.957117168161066623e+00
7.949430666919492516e+00
7.949430666919492516e+00
7.949430666919492516e+00
7.949430666919492516e+00
7.949430666919492516e+00
7.949430666919492516e+00
7.949430666919492516e+00
7.949430666919492516e+00
7.949430666919492516e+00
7.949430666919492516e+00
7.949430666919492516e+00
7.949430666919492516e+00
7.949430666919492516e+00
7.949430666919492516e+00
7.949430666919492516e+00
7.949049433728690772e+00
7.949049433728690772e+00
7.949049433728690772e+00
7.949049433728690772e+00
7.949049433728690772e+00
7.949049433728690772e+00
7.949049433728690772e+00
7.949049433728690772e+00
7.949049433728690772e+00
7.949049433728690772e+00
7.949049433728690772e+00
7.949049433728690772e+00
7.949049433728690772e+00
7.949049433728690772e+00
7.949049433728690772e+00
7.949049433728690772e+00
