3.049633158713094261e-01
2.364593246929715398e-01
1.812711440288917453e-01
1.475637085534355908e-01
1.311442158511327005e-01
1.186857493217896159e-01
1.037461059143226366e-01
8.999662920352563544e-02
8.036807916213921377e-02
7.183658272580994986e-02
6.594089795308098745e-02
5.877490443855344637e-02
5.252330941487691474e-02
5.105233826307932488e-02
4.517176335513024138e-02
4.161263228181322910e-02
3.781857888953134295e-02
3.537052139502824127e-02
3.415936572878643107e-02
3.300643187060470912e-02
3.191803936503483097e-02
3.052777292287164185e-02
2.927126584876750884e-02
2.835697193555064208e-02
2.446330455124138062e-02
2.359155076432412762e-02
2.306214174599602318e-02
2.303465325365225067e-02
2.275607525317403790e-02
2.262759821493385420e-02
2.211731056653255811e-02
2.211671056812747338e-02
2.152611370740719135e-02
2.152609244454344387e-02
2.152562952497026963e-02
2.068688335108346057e-02
1.978637988492539662e-02
1.978636585590163449e-02
1.976981144116953318e-02
1.976943335565648288e-02
1.976892249532578166e-02
1.976892249532578166e-02
1.976838440070008765e-02
1.976823528517280756e-02
1.976819148487765285e-02
1.976818665968949063e-02
1.976805396970228446e-02
1.976805396970228446e-02
1.976802191391840990e-02
1.976787259399110860e-02
1.976782787850688006e-02
1.976780517884881364e-02
1.976630582874563946e-02
1.976630432370801022e-02
1.976628790462356400e-02
1.976628790462356400e-02
1.976625883344129350e-02
1.976621981940658926e-02
1.976621935306095007e-02
1.976621058699546546e-02
1.976554716391850167e-02
1.976553179267338117e-02
1.976552892828223329e-02
1.976548871607965510e-02
1.976547983868912062e-02
1.976545398298412692e-02
1.976545372512008777e-02
1.976545372512008777e-02
1.976545372512008777e-02
1.976536924363739636e-02
1.976536924363739636e-02
1.976536924363739636e-02
1.976530897273871129e-02
1.976480765272544543e-02
1.976479018376980229e-02
1.976478723570068707e-02
1.976478723570068707e-02
1.976478670387923214e-02
1.976477559143444487e-02
1.976477559143444487e-02
1.976476340359242453e-02
1.976476215096521077e-02
1.976475907445783206e-02
1.976474165503955965e-02
1.976472462086919721e-02
1.976472436821914702e-02
1.976470835851208696e-02
1.976470835851208696e-02
1.976470345406302481e-02
1.976470345406302481e-02
1.976469858106174454e-02
1.976469858106174454e-02
1.976469858106174454e-02
1.976469858106174454e-02
1.976469858106174454e-02
1.976469858106174454e-02
1.976469627099535636e-02
1.976469627099535636e-02
1.976468844048226425e-02
1.976468655215280965e-02
1.976468655215280965e-02
1.976468655215280965e-02
1.976468612734633493e-02
1.976468505345600757e-02
1.976468505345600757e-02
1.976468505345600757e-02
1.976468161725684902e-02
1.976468161725684902e-02
1.976468149474478950e-02
1.976467909364645545e-02
1.976467468393687185e-02
1.976467468393687185e-02
1.976467468393687185e-02
1.976467467469591663e-02
1.976467467469591663e-02
1.976467262208340611e-02
1.976466973245600764e-02
1.976466210425198780e-02
1.976466210425198780e-02
1.976465310033580572e-02
1.976465310033580572e-02
1.976465310033580572e-02
1.976465310033580572e-02
1.976464487940427991e-02
1.976464291082640282e-02
1.976464291082640282e-02
1.976462082023665301e-02
1.976461772982827242e-02
1.976461772982827242e-02
1.976461330091230234e-02
1.976461286295827860e-02
1.976460466780914638e-02
1.976460466780914638e-02
1.976460466780914638e-02
1.976460466780914638e-02
1.976460384422714170e-02
1.976460307593371976e-02
1.976460301244630999e-02
1.976460181208829214e-02
1.976460174104850698e-02
1.976460174104850698e-02
1.976458803708662157e-02
1.976458803708662157e-02
1.976458803708662157e-02
1.976458803708662157e-02
1.976458211046359242e-02
1.976458211046359242e-02
1.976458211046359242e-02
1.976458211046359242e-02
1.976458211046359242e-02
1.976458211046359242e-02
1.976458211046359242e-02
1.976458211046359242e-02
1.976458211046359242e-02
1.976458211046359242e-02
1.976458202755133550e-02
1.976458202755133550e-02
1.976458202755133550e-02
1.976458202755133550e-02
1.976457593943281230e-02
1.976457590077817378e-02
1.976457590077817378e-02
1.976457590077817378e-02
1.976457590077817378e-02
1.976457536394224043e-02
1.976457536394224043e-02
1.976457536394224043e-02
1.976457536394224043e-02
1.976457388461455578e-02
1.976457388461455578e-02
1.976457388461455578e-02
1.976457250183263209e-02
1.976457250183263209e-02
1.976456751828427685e-02
1.976456751828427685e-02
1.976456706619296108e-02
1.976456706619296108e-02
1.976456706619296108e-02
1.976456706619296108e-02
1.976456706619296108e-02
1.976456706619296108e-02
1.976456706619296108e-02
1.976456706619296108e-02
1.976456684465744199e-02
1.976456684465744199e-02
1.976456684465744199e-02
1.976456684465744199e-02
1.976456684465744199e-02
1.976456684465744199e-02
1.976456684465744199e-02
1.976456666875046550e-02
1.976456666875046550e-02
1.976456666875046550e-02
1.976456666875046550e-02
1.976456666875046550e-02
1.976456666875046550e-02
1.976456641983090345e-02
1.976456641983090345e-02
1.976456641983090345e-02
1.976456641983090345e-02
1.976456641983090345e-02
1.976456559184632325e-02
1.976456559184632325e-02
1.976456559184632325e-02
1.976456559184632325e-02
1.976456559184632325e-02
1.976456559184632325e-02
1.976456559184632325e-02
1.976456367192084077e-02
1.976456367192084077e-02
1.976456367192084077e-02
1.976456353946675834e-02
1.976456353946675834e-02
1.976456346744726034e-02
1.976456315735638028e-02
1.976456315735638028e-02
1.976456315735638028e-02
1.976456315735638028e-02
1.976456315735638028e-02
1.976456315735638028e-02
1.976455785704417378e-02
1.976455785704417378e-02
1.976455785704417378e-02
1.976455776144468712e-02
1.976455776144468712e-02
1.976455776144468712e-02
1.976455776144468712e-02
1.976455776144468712e-02
1.976455775981629179e-02
1.976455775981629179e-02
1.976455775981629179e-02
1.976455775981629179e-02
1.976455709991658399e-02
1.976455552710711105e-02
1.976455552710711105e-02
1.976455552710711105e-02
1.976455552710711105e-02
1.976455549449124965e-02
1.976455549449124965e-02
1.976455507967918648e-02
1.976455349821390831e-02
1.976455349821390831e-02
1.976455316718347260e-02
1.976455316718347260e-02
1.976455316718347260e-02
1.976455316718347260e-02
1.976455298356808235e-02
1.976455298356808235e-02
1.976455273504419685e-02
1.976455273504419685e-02
1.976455233775439857e-02
1.976455233775439857e-02
1.976455153031592485e-02
1.976455153031592485e-02
1.976455153031592485e-02
1.976455153031592485e-02
1.976455153031592485e-02
1.976455140850047823e-02
1.976455140850047823e-02
1.976455140850047823e-02
1.976455140850047823e-02
1.976455140850047823e-02
1.976455140850047823e-02
1.976455140850047823e-02
1.976455139369220904e-02
1.976455139369220904e-02
1.976455139369220904e-02
1.976455139369220904e-02
1.976455139369220904e-02
1.976455139369220904e-02
1.976455139369220904e-02
1.976455139369220904e-02
1.976455139338235620e-02
1.976455139041089631e-02
1.976455139041089631e-02
1.976455139041089631e-02
1.976455139041089631e-02
1.976455106890117469e-02
1.976455106890117469e-02
1.976455081937528516e-02
1.976455081937528516e-02
1.976455081937528516e-02
1.976455081937528516e-02
1.976455081937528516e-02
1.976455078586887570e-02
1.976455078586887570e-02
1.976455078586887570e-02
1.976455078586887570e-02
1.976455078586887570e-02
1.976455078586887570e-02
1.976455078586887570e-02
1.976455078586887570e-02
1.976455078586887570e-02
1.976455078586887570e-02
1.976455078586887570e-02
1.976455078586887570e-02
1.976455078586887570e-02
1.976455078586887570e-02
1.976455078586887570e-02
1.976455078586887570e-02
1.976455078586887570e-02
1.976455074774031637e-02
1.976455074774031637e-02
1.976455074774031637e-02
1.976455074774031637e-02
1.976455074774031637e-02
1.976455074774031637e-02
1.976455074774031637e-02
1.976455074774031637e-02
1.976455074774031637e-02
1.976455074774031637e-02
1.976455074774031637e-02
1.976455074774031637e-02
1.976455074774031637e-02
1.976455074774031637e-02
1.976455074774031637e-02
1.976455074774031637e-02
1.976455074774031637e-02
1.976455074774031637e-02
1.976455067330107340e-02
1.976455067330107340e-02
1.976455067330107340e-02
1.976455067330107340e-02
1.976455067330107340e-02
1.976455066783630241e-02
1.976454910507919813e-02
1.976454910507919813e-02
1.976454910507919813e-02
1.976454894921231623e-02
1.976454852209309429e-02
1.976454852209309429e-02
1.976454852209309429e-02
1.976454852209309429e-02
1.976454838523531918e-02
1.976454838523531918e-02
1.976454838523531918e-02
1.976454838523531918e-02
1.976454838523531918e-02
1.976454838523531918e-02
1.976454838523531918e-02
1.976454838523531918e-02
1.976454787327450863e-02
1.976454787327450863e-02
1.976454787327450863e-02
1.976454787327450863e-02
1.976454787327450863e-02
1.976454787327450863e-02
1.976454787327450863e-02
1.976454787327450863e-02
1.976454784974133322e-02
1.976454784974133322e-02
1.976454784974133322e-02
1.976454738635155528e-02
1.976454738635155528e-02
1.976454738635155528e-02
1.976454738635155528e-02
1.976454738635155528e-02
1.976454734242942546e-02
1.976454734242942546e-02
1.976454490272326267e-02
1.976454490272326267e-02
1.976454490272326267e-02
1.976454490272326267e-02
1.976454490272326267e-02
1.976454490272326267e-02
1.976454490272326267e-02
1.976454490272326267e-02
1.976454490272326267e-02
1.976454490272326267e-02
1.976454490272326267e-02
1.976454490272326267e-02
1.976454490272326267e-02
1.976454490272326267e-02
1.976454490272326267e-02
1.976454490272326267e-02
1.976454490272326267e-02
1.976454490272326267e-02
1.976454488013970612e-02
1.976454488013970612e-02
1.976454488013970612e-02
1.976454488013970612e-02
1.976454488013970612e-02
1.976454488013970612e-02
1.976454488013970612e-02
1.976454488013970612e-02
1.976454488013970612e-02
1.976454488013970612e-02
1.976454488013970612e-02
1.976454488013970612e-02
1.976454488013970612e-02
1.976454488013970612e-02
1.976454405724093963e-02
1.976454405724093963e-02
1.976454405724093963e-02
1.976454405724093963e-02
1.976454405724093963e-02
1.976454405724093963e-02
1.976454405724093963e-02
1.976454405724093963e-02
1.976454405724093963e-02
1.976454405724093963e-02
1.976454405724093963e-02
1.976454405724093963e-02
1.976454405724093963e-02
1.976454405724093963e-02
1.976454405724093963e-02
1.976454405724093963e-02
1.976454405724093963e-02
1.976454405724093963e-02
1.976454405724093963e-02
1.976454405724093963e-02
1.976454405724093963e-02
1.976454405724093963e-02
1.976454405724093963e-02
1.976454405223648791e-02
1.976454405223648791e-02
1.976454405223648791e-02
1.976454405223648791e-02
1.976454405223648791e-02
1.976454405223648791e-02
1.976454405223648791e-02
1.976454405223648791e-02
1.976454405223648791e-02
1.976454405223648791e-02
1.976454405223648791e-02
1.976454405223648791e-02
1.976454405223648791e-02
1.976454405223648791e-02
1.976454405223648791e-02
1.976454405223648791e-02
1.976454405223648791e-02
1.976454405223648791e-02
1.976454405223648791e-02
1.976454405223648791e-02
1.976454405223648791e-02
1.976454405223648791e-02
1.976454405223648791e-02
1.976454405223648791e-02
1.976454405223648791e-02
1.976454405223648791e-02
1.976454405223648791e-02
1.976454405223648791e-02
1.976454405223648791e-02
1.976454405223648791e-02
1.976454405223648791e-02
1.976454405223648791e-02
1.976454405223648791e-02
1.976454405223648791e-02
1.976454405223648791e-02
1.976454405223648791e-02
1.976454405223648791e-02
1.976454405223648791e-02
1.976454405223648791e-02
1.976454405223648791e-02
1.976454405223648791e-02
1.976454405223648791e-02
1.976454405223648791e-02
1.976454405223648791e-02
1.976454405223648791e-02
1.976454405223648791e-02
1.976454405223648791e-02
1.976454405223648791e-02
1.976454405223648791e-02
1.976454405223648791e-02
1.976454405223648791e-02
1.976454405223648791e-02
1.976454405223648791e-02
1.976454405223648791e-02
1.976454405223648791e-02
1.976454396743836800e-02
1.976454396743836800e-02
1.976454396743836800e-02
1.976454396743836800e-02
1.976454396743836800e-02
1.976454394136061346e-02
1.976454394136061346e-02
1.976454394136061346e-02
1.976454394136061346e-02
1.976454394136061346e-02
1.976454394136061346e-02
1.976454394136061346e-02
1.976454394136061346e-02
1.976454394136061346e-02
1.976454394136061346e-02
1.976454394136061346e-02
1.976454394136061346e-02
1.976454394136061346e-02
1.976454343860732307e-02
1.976454343860732307e-02
1.976454343860732307e-02
1.976454292484089784e-02
1.976454292484089784e-02
1.976454292484089784e-02
1.976454292484089784e-02
1.976454267040195570e-02
1.976454267040195570e-02
1.976454267040195570e-02
1.976454267040195570e-02
1.976454267040195570e-02
1.976454267040195570e-02
1.976454267040195570e-02
1.976454266575417007e-02
1.976454266575417007e-02
1.976454266575417007e-02
1.976454266575417007e-02
1.976454266575417007e-02
1.976454266575417007e-02
1.976454266575417007e-02
1.976454266575417007e-02
1.976454266575417007e-02
1.976454266575417007e-02
1.976454262914700832e-02
1.976454262914700832e-02
1.976454262914700832e-02
1.976454262914700832e-02
1.976454262914700832e-02
1.976454262914700832e-02
1.976454262914700832e-02
1.976454262914700832e-02
1.976454262914700832e-02
1.976454262914700832e-02
1.976454262914700832e-02
1.976454262914700832e-02
1.976454262914700832e-02
1.976454262914700832e-02
1.976454262914700832e-02
1.976454262914700832e-02
1.976454262914700832e-02
1.976454262914700832e-02
1.976454262914700832e-02
1.976454262914700832e-02
1.976454262914700832e-02
1.976454262914700832e-02
1.976454262914700832e-02
1.976454262914700832e-02
1.976454262914700832e-02
1.976454262914700832e-02
1.976454262914700832e-02
1.976454262914700832e-02
1.976454262914700832e-02
1.976454262914700832e-02
1.976454262914700832e-02
1.976454262914700832e-02
1.976454262914700832e-02
1.976454257927303879e-02
1.976454257927303879e-02
1.976454257927303879e-02
1.976454257927303879e-02
1.976454257927303879e-02
1.976454257927303879e-02
1.976454257927303879e-02
1.976454257927303879e-02
1.976454257927303879e-02
1.976454257927303879e-02
1.976454257927303879e-02
1.976454257927303879e-02
1.976454257927303879e-02
1.976454257927303879e-02
1.976454257927303879e-02
1.976454257927303879e-02
1.976454257927303879e-02
1.976454257927303879e-02
1.976454257927303879e-02
1.976454257927303879e-02
1.976454257927303879e-02
1.976454257927303879e-02
1.976454257927303879e-02
1.976454257927303879e-02
1.976454257927303879e-02
1.976454257927303879e-02
1.976454253026175070e-02
1.976454253026175070e-02
1.976454240863912554e-02
1.976454240863912554e-02
1.976454239267504132e-02
1.976454239267504132e-02
1.976454239267504132e-02
1.976454239267504132e-02
1.976454239267504132e-02
1.976454239267504132e-02
1.976454239267504132e-02
1.976454239267504132e-02
1.976454239267504132e-02
1.976454239267504132e-02
1.976454239267504132e-02
1.976454239267504132e-02
1.976454239267504132e-02
1.976454239267504132e-02
1.976454239267504132e-02
1.976454235611692020e-02
1.976454235611692020e-02
1.976454235611692020e-02
1.976454235611692020e-02
1.976454235611692020e-02
1.976454233871614841e-02
1.976454233871614841e-02
1.976454233871614841e-02
1.976454233871614841e-02
1.976454233871614841e-02
1.976454233871614841e-02
1.976454233692724952e-02
1.976454233692724952e-02
1.976454233692724952e-02
1.976454233692724952e-02
1.976454233692724952e-02
1.976454233692724952e-02
1.976454233692724952e-02
1.976454233692724952e-02
1.976454233692724952e-02
1.976454233692724952e-02
1.976454233692724952e-02
1.976454233692724952e-02
1.976454222361045260e-02
1.976454222361045260e-02
1.976454222361045260e-02
1.976454222361045260e-02
1.976454222361045260e-02
1.976454221857367952e-02
1.976454221857367952e-02
1.976454221857367952e-02
1.976454221857367952e-02
1.976454211178384560e-02
1.976454211178384560e-02
1.976454211178384560e-02
1.976454211178384560e-02
1.976454211178384560e-02
1.976454211178384560e-02
1.976454211178384560e-02
1.976454211178384560e-02
1.976454211178384560e-02
1.976454211178384560e-02
1.976454211178384560e-02
1.976454211178384560e-02
1.976454211178384560e-02
1.976454211178384560e-02
1.976454211178384560e-02
1.976454211178384560e-02
1.976454206027924987e-02
1.976454206027924987e-02
1.976454206027924987e-02
1.976454206027924987e-02
1.976454206027924987e-02
1.976454206027924987e-02
1.976454206027924987e-02
1.976454206027924987e-02
1.976454206027924987e-02
1.976454206027924987e-02
1.976454206027924987e-02
1.976454206027924987e-02
1.976454206027924987e-02
1.976454202240927188e-02
1.976454202240927188e-02
1.976454202240927188e-02
1.976454202240927188e-02
1.976454202240927188e-02
1.976454202240927188e-02
1.976454202240927188e-02
1.976454202240927188e-02
1.976454202240927188e-02
1.976454202240927188e-02
1.976454202240927188e-02
1.976454202240927188e-02
1.976454202240927188e-02
1.976454202240927188e-02
1.976454202240927188e-02
1.976454189281965160e-02
1.976454189281965160e-02
1.976454179123823124e-02
1.976454179123823124e-02
1.976454179123823124e-02
1.976454179123823124e-02
1.976454179123823124e-02
1.976454179123823124e-02
1.976454179123823124e-02
1.976454179123823124e-02
1.976454179123823124e-02
1.976454172923543598e-02
1.976454172923543598e-02
1.976454172923543598e-02
1.976454172923543598e-02
1.976454172923543598e-02
1.976454172923543598e-02
1.976454169336501129e-02
1.976454169336501129e-02
1.976454169336501129e-02
1.976454167199299949e-02
1.976454167199299949e-02
1.976454167199299949e-02
1.976454167199299949e-02
1.976454135278042298e-02
1.976454135278042298e-02
1.976454135278042298e-02
1.976454135278042298e-02
1.976454135278042298e-02
1.976454135278042298e-02
1.976454135278042298e-02
1.976454135278042298e-02
1.976454135278042298e-02
1.976454135278042298e-02
1.976454135278042298e-02
1.976454135278042298e-02
1.976454135278042298e-02
1.976454135278042298e-02
1.976454135278042298e-02
1.976454135278042298e-02
1.976454135278042298e-02
1.976454135278042298e-02
1.976454135278042298e-02
1.976454135278042298e-02
1.976454135278042298e-02
1.976454135278042298e-02
1.976454135278042298e-02
1.976454135278042298e-02
1.976454135278042298e-02
1.976454135278042298e-02
1.976454135278042298e-02
1.976454135278042298e-02
1.976454135278042298e-02
1.976454135278042298e-02
1.976454135278042298e-02
1.976454135278042298e-02
1.976454135278042298e-02
1.976454135278042298e-02
1.976454135278042298e-02
1.976454135278042298e-02
1.976454135278042298e-02
1.976454135278042298e-02
1.976454135278042298e-02
1.976454135278042298e-02
1.976454135278042298e-02
1.976454135278042298e-02
1.976454135278042298e-02
1.976454135278042298e-02
1.976454135278042298e-02
1.976454135278042298e-02
1.976454135278042298e-02
1.976454135278042298e-02
1.976454135278042298e-02
1.976454135278042298e-02
1.976454135278042298e-02
1.976454135278042298e-02
1.976454135278042298e-02
1.976454135278042298e-02
1.976454135278042298e-02
1.976454135278042298e-02
1.976454135278042298e-02
1.976454135278042298e-02
1.976454135278042298e-02
1.976454135278042298e-02
1.976454135278042298e-02
1.976454135278042298e-02
1.976454135278042298e-02
1.976454135278042298e-02
1.976454135278042298e-02
1.976454135278042298e-02
1.976454135278042298e-02
1.976454125885503121e-02
1.976454125885503121e-02
1.976454125885503121e-02
1.976454125885503121e-02
1.976454125885503121e-02
1.976454125885503121e-02
1.976454125885503121e-02
1.976454125885503121e-02
1.976454125885503121e-02
1.976454125885503121e-02
1.976454125885503121e-02
1.976454125885503121e-02
1.976454125885503121e-02
1.976454125885503121e-02
1.976454125885503121e-02
1.976454125885503121e-02
1.976454125885503121e-02
1.976454125885503121e-02
1.976454125885503121e-02
1.976454125885503121e-02
1.976454125674848017e-02
1.976454125674848017e-02
1.976454125674848017e-02
1.976454125674848017e-02
1.976454125674848017e-02
1.976454125674848017e-02
1.976454125674848017e-02
1.976454125674848017e-02
1.976454125674848017e-02
1.976454125674848017e-02
1.976454125674848017e-02
1.976454125674848017e-02
1.976454125674848017e-02
1.976454125674848017e-02
1.976454125674848017e-02
1.976454125674848017e-02
1.976454125674848017e-02
1.976454125674848017e-02
1.976454125674848017e-02
1.976454125674848017e-02
1.976454125674848017e-02
1.976454125674848017e-02
1.976454125674848017e-02
1.976454125674848017e-02
1.976454125674848017e-02
1.976454125674848017e-02
1.976454125674848017e-02
1.976454125674848017e-02
1.976454125674848017e-02
1.976454125395312247e-02
1.976454125395312247e-02
1.976454125395312247e-02
1.976454125395312247e-02
1.976454125395312247e-02
1.976454125395312247e-02
1.976454125395312247e-02
1.976454125395312247e-02
1.976454125395312247e-02
1.976454125395312247e-02
1.976454125395312247e-02
1.976454125395312247e-02
1.976454125395312247e-02
1.976454125395312247e-02
1.976454125395312247e-02
1.976454125395312247e-02
1.976454125395312247e-02
1.976454125395312247e-02
1.976454125395312247e-02
1.976454125395312247e-02
1.976454125395312247e-02
1.976454120672404419e-02
1.976454120672404419e-02
1.976454120672404419e-02
1.976454120672404419e-02
1.976454120672404419e-02
1.976454120672404419e-02
1.976454120672404419e-02
1.976454120672404419e-02
1.976454120672404419e-02
1.976454120672404419e-02
1.976454120672404419e-02
1.976454113684453229e-02
1.976454113684453229e-02
1.976454113684453229e-02
1.976454113684453229e-02
1.976454113684453229e-02
1.976454113684453229e-02
1.976454113684453229e-02
1.976454113684453229e-02
1.976454113684453229e-02
1.976454113684453229e-02
1.976454113684453229e-02
1.976454113684453229e-02
1.976454113684453229e-02
1.976454113684453229e-02
1.976454113684453229e-02
1.976454112937129498e-02
1.976454112937129498e-02
1.976454112937129498e-02
1.976454112937129498e-02
1.976454112937129498e-02
1.976454112937129498e-02
1.976454112937129498e-02
1.976454112937129498e-02
1.976454112937129498e-02
1.976454105318216706e-02
1.976454105318216706e-02
1.976454105318216706e-02
1.976454105318216706e-02
1.976454105318216706e-02
1.976454105318216706e-02
1.976454105318216706e-02
1.976454105318216706e-02
1.976454105318216706e-02
1.976454105318216706e-02
1.976454105318216706e-02
1.976454105318216706e-02
1.976454105318216706e-02
1.976454105318216706e-02
1.976454105318216706e-02
1.976454105318216706e-02
1.976454105318216706e-02
1.976454105318216706e-02
1.976454100859352178e-02
1.976454100859352178e-02
1.976454100859352178e-02
1.976454100859352178e-02
1.976454100859352178e-02
1.976454100859352178e-02
1.976454100859352178e-02
1.976454100859352178e-02
1.976454100754916274e-02
1.976454100754916274e-02
1.976454100754916274e-02
1.976454100754916274e-02
1.976454100754916274e-02
1.976454100754916274e-02
1.976454100754916274e-02
1.976454100754916274e-02
1.976454100754916274e-02
1.976454100754916274e-02
1.976454100754916274e-02
1.976454100754916274e-02
1.976454100754916274e-02
1.976454100754916274e-02
1.976454100754916274e-02
1.976454100754916274e-02
1.976454100754916274e-02
1.976454100754916274e-02
1.976454100754916274e-02
1.976454100754916274e-02
1.976454100754916274e-02
1.976454100754916274e-02
1.976454100754916274e-02
1.976454100754916274e-02
1.976454100754916274e-02
1.976454099640896633e-02
1.976454099640896633e-02
1.976454099640896633e-02
1.976454099640896633e-02
1.976454099640896633e-02
1.976454099640896633e-02
1.976454099640896633e-02
1.976454099640896633e-02
1.976454099640896633e-02
1.976454099640896633e-02
1.976454089531461816e-02
1.976454089531461816e-02
1.976454089531461816e-02
1.976454083515979260e-02
1.976454083515979260e-02
1.976454083515979260e-02
1.976454083515979260e-02
1.976454083515979260e-02
1.976454083515979260e-02
1.976454083515979260e-02
1.976454083515979260e-02
1.976454083515979260e-02
1.976454083515979260e-02
1.976454083515979260e-02
1.976454083515979260e-02
1.976454083515979260e-02
1.976454083515979260e-02
1.976454083515979260e-02
1.976454083515979260e-02
1.976454083515979260e-02
1.976454083515979260e-02
1.976454083515979260e-02
1.976454083515979260e-02
1.976454083515979260e-02
1.976454083515979260e-02
1.976454083515979260e-02
1.976454083515979260e-02
1.976454083515979260e-02
1.976454083515979260e-02
1.976454083515979260e-02
1.976454083515979260e-02
1.976454083515979260e-02
1.976454083515979260e-02
1.976454083515979260e-02
1.976454083515979260e-02
1.976454083515979260e-02
1.976454083515979260e-02
1.976454083515979260e-02
1.976454083451556487e-02
1.976454079885690829e-02
1.976454079885690829e-02
1.976454079885690829e-02
1.976454079885690829e-02
1.976454079885690829e-02
1.976454079885690829e-02
1.976454079885690829e-02
1.976454079885690829e-02
1.976454079885690829e-02
1.976454079885690829e-02
1.976454079885690829e-02
1.976454079885690829e-02
1.976454079885690829e-02
1.976454079885690829e-02
1.976454079885690829e-02
1.976454079885690829e-02
1.976454068764888980e-02
1.976454068764888980e-02
1.976454068764888980e-02
1.976454068764888980e-02
1.976454068684862370e-02
1.976454068684862370e-02
1.976454068684862370e-02
1.976454055640635213e-02
1.976454055640635213e-02
1.976454055640635213e-02
1.976454055640635213e-02
1.976454055640635213e-02
1.976454055640635213e-02
1.976454055640635213e-02
1.976454055640635213e-02
1.976454055640635213e-02
1.976454054622469453e-02
1.976454054622469453e-02
1.976454054622469453e-02
1.976454054622469453e-02
1.976454054622469453e-02
1.976454054622469453e-02
1.976454054622469453e-02
