2.967902990153081078e+02
2.778696182742259566e+02
2.490638555108357934e+02
2.229316255685353951e+02
2.118229623452135684e+02
1.888731658147235350e+02
1.767980789758233016e+02
1.669845651085627480e+02
1.556672468874173774e+02
1.464488217390175748e+02
1.395859039866551541e+02
1.338446234609319561e+02
1.265655885487823298e+02
1.220377458964675697e+02
1.168006794365981165e+02
1.108231307744506182e+02
1.069160999865872270e+02
1.030230289536351194e+02
9.858970068240525109e+01
9.514405405071345001e+01
9.233494505727949786e+01
8.846271675897752118e+01
8.550037081996904931e+01
8.211962769951526298e+01
7.909228144323026299e+01
7.607628316887389985e+01
7.274578411788655785e+01
7.000520219794223920e+01
6.724535062723552414e+01
6.468473540107487452e+01
6.236997471525203451e+01
6.003859716029582216e+01
5.776523228490763984e+01
5.563232432248876336e+01
5.382942695769914820e+01
5.206929470165198381e+01
4.985312401652806358e+01
4.798466754911979848e+01
4.643680497654094808e+01
4.470884896855202584e+01
4.301544181891212304e+01
4.165238266972772152e+01
3.988296623958979836e+01
3.818503198912932817e+01
3.677220820853195704e+01
3.565043533304501011e+01
3.435911624028747724e+01
3.338642411069011473e+01
3.213511352023611067e+01
3.111390316717994509e+01
3.015933392721227690e+01
2.899468026055102499e+01
2.812675997353317925e+01
2.714692211804214139e+01
2.636586600830338156e+01
2.576176496359303414e+01
2.487950358717503363e+01
2.423312210040447567e+01
2.333203646259748965e+01
2.243850660947827791e+01
2.191723605667744934e+01
2.116659107746407287e+01
2.040814093054991574e+01
1.963102515124691649e+01
1.902566666658535510e+01
1.849905813830619294e+01
1.792607167152361924e+01
1.727544741661355587e+01
1.686759758812222287e+01
1.651958201504991308e+01
1.605593889340291014e+01
1.563433946289604393e+01
1.515625809882048536e+01
1.475945388465251007e+01
1.446020227639381162e+01
1.409058808814576835e+01
1.385024210284856494e+01
1.355763676660650674e+01
1.321903383548601418e+01
1.291468407566771326e+01
1.258521834702037090e+01
1.240823888960680144e+01
1.220372587960411614e+01
1.188411730863980154e+01
1.167348179487774473e+01
1.147835273405317125e+01
1.139286197455890637e+01
1.111753193083372260e+01
1.097484976387167066e+01
1.078466817516811105e+01
1.060721262333389170e+01
1.042919920059731886e+01
1.023580702839230661e+01
1.010673502751382458e+01
9.998269050446054962e+00
9.884233531570114195e+00
9.799535493205372205e+00
9.677965487184957638e+00
9.576912697875837210e+00
9.508132727529334360e+00
9.418754786517203215e+00
9.357043032084966683e+00
9.305337360910691302e+00
9.252556470126068078e+00
9.170272516897496118e+00
9.124979614956901131e+00
9.041081504428532867e+00
9.007963756902745089e+00
8.962890132160545420e+00
8.892235121663889075e+00
8.849127716755235795e+00
8.794732109936134634e+00
8.764409129993573799e+00
8.738436249416880131e+00
8.686522814934784620e+00
8.662298249702903519e+00
8.639363164995913280e+00
8.598348539354843112e+00
8.576644815872510819e+00
8.544657495394378799e+00
8.499718991342593455e+00
8.484187160598638755e+00
8.441087838277582023e+00
8.424946022976577353e+00
8.410654632674953390e+00
8.394063877791909434e+00
8.359022564978026537e+00
8.353477678530408568e+00
8.317911033254173248e+00
8.305399186308417114e+00
8.277735061783783266e+00
8.264217243299976090e+00
8.245111828771499063e+00
8.227752403108329560e+00
8.223424768383630123e+00
8.210821696011219473e+00
8.206439865782391152e+00
8.193419447644608056e+00
8.180889067024704531e+00
8.173137610072814141e+00
8.167390571111242892e+00
8.154852284971246590e+00
8.150966841193580947e+00
8.144782901424157728e+00
8.140927307632891186e+00
8.125566023321750819e+00
8.107556411436542376e+00
8.104949770451170821e+00
8.096408166533997530e+00
8.082621915188687112e+00
8.078366041132079900e+00
8.075425977852360049e+00
8.058371743930241138e+00
8.052661665410877134e+00
8.050240485870832075e+00
8.039172860757490824e+00
8.027235255271696346e+00
8.020941748670386673e+00
8.017153488862698296e+00
8.012484801958782654e+00
8.004567127334956567e+00
7.990388153832236995e+00
7.986115991042741058e+00
7.975173909217230239e+00
7.968375484159645694e+00
7.966537293295545830e+00
7.956831534597839095e+00
7.947294574928453592e+00
7.938852098010204195e+00
7.926190623469910435e+00
7.924710240529421412e+00
7.914844807164744367e+00
7.914139675777327909e+00
7.901126684759608665e+00
7.885474644820412493e+00
7.877931314700240328e+00
7.877193681881647258e+00
7.868581255552650866e+00
7.859509768893251369e+00
7.844243168846004366e+00
7.841990929027002899e+00
7.830087046920481519e+00
7.817123648440635897e+00
7.807154282740593310e+00
7.797089354002413764e+00
7.794552852914697461e+00
7.788960546819889252e+00
7.788436847962752374e+00
7.785324581272341504e+00
7.774141087732821198e+00
7.765659641371870592e+00
7.755234502184071843e+00
7.740264748413697049e+00
7.730201173591988884e+00
7.721654858356354900e+00
7.713176163811704455e+00
7.707336761235324296e+00
7.703290310617373571e+00
7.689408078967347571e+00
7.679383056863247958e+00
7.674939165991240486e+00
7.671127114788454548e+00
7.657627596924484692e+00
7.644686136007657673e+00
7.640511119065025447e+00
7.638646851259872861e+00
7.634921898352655667e+00
7.627808143953126674e+00
7.615618049044039495e+00
7.611761736549222945e+00
7.608712103401863658e+00
7.604050030194891896e+00
7.598189520422621968e+00
7.584600912786163995e+00
7.572454014806915268e+00
7.569264161543007852e+00
7.564961818834012419e+00
7.552026787857925250e+00
7.543379339070948930e+00
7.530574509459067478e+00
7.528440155881179763e+00
7.521337399829107540e+00
7.517003110121292409e+00
7.514986581424468959e+00
7.497204711186376436e+00
7.482331268466167806e+00
7.473995121317217105e+00
7.469676845870105275e+00
7.463737895304033643e+00
7.460158933564908779e+00
7.451511778395286889e+00
7.440471636180858717e+00
7.434046146086154216e+00
7.413795147071402525e+00
7.406632377998220385e+00
7.401784754638197406e+00
7.397194213131114360e+00
7.378096553487983655e+00
7.370631303060652506e+00
7.367083827716075284e+00
7.360451492592661182e+00
7.359579718689522210e+00
7.356133370199009036e+00
7.350622721544252336e+00
7.345692222807342908e+00
7.344153792934067226e+00
7.341463391540098193e+00
7.330516763689774784e+00
7.318205509078032911e+00
7.314017583086838137e+00
7.304799315657566794e+00
7.302995230774687485e+00
7.292678368151253920e+00
7.281378435157505713e+00
7.274064775450182374e+00
7.264953212699569285e+00
7.262674959569121569e+00
7.262674959569121569e+00
7.259645720103365285e+00
7.252314695096296226e+00
7.247986802989748512e+00
7.247249128987029110e+00
7.240912171881060289e+00
7.238550310139975963e+00
7.236522484917276898e+00
7.236311187403024370e+00
7.232423244169798870e+00
7.224553150638016952e+00
7.223351239946693703e+00
7.211300608792851286e+00
7.206923922813210481e+00
7.197821071846369989e+00
7.195443208608039320e+00
7.192827563261202428e+00
7.188943958065731721e+00
7.181512383788827059e+00
7.179912907278212408e+00
7.175891307686421250e+00
7.158191126903052037e+00
7.148973629364388849e+00
7.138474614751146419e+00
7.135721248672994399e+00
7.134954724756569888e+00
7.120746732715114824e+00
7.116518251242948345e+00
7.113763901120330857e+00
7.102488876695231212e+00
7.097850436319048661e+00
7.092468195339617587e+00
7.086283079875306257e+00
7.075872593674809252e+00
7.070997777701134801e+00
7.057117158987810335e+00
7.056466341803215414e+00
7.048177392343938585e+00
7.046236210580358872e+00
7.045659869957624721e+00
7.036677001930667252e+00
7.031244004224328492e+00
7.026280833206722143e+00
7.019549148456181165e+00
7.015069512884660519e+00
7.010807613112464587e+00
7.009473487645069056e+00
6.996410784723287257e+00
6.992287054212702024e+00
6.991035017512469807e+00
6.990177850317802921e+00
6.982063233878684549e+00
6.974544665800636700e+00
6.968449856770837947e+00
6.964392729697529205e+00
6.949643047312029864e+00
6.947486527731878247e+00
6.945046226425128921e+00
6.933323901923257537e+00
6.926784621724506152e+00
6.923949562753294096e+00
6.916890682291909620e+00
6.908188006362636635e+00
6.900449623011192912e+00
6.897355493244583968e+00
6.889448904138470553e+00
6.885040435569705686e+00
6.881914872427532082e+00
6.878380984056465586e+00
6.873926144540999594e+00
6.873888928737089898e+00
6.865914887220526452e+00
6.858138488562881996e+00
6.843341877417888242e+00
6.836221847034744670e+00
6.831343966047173311e+00
6.829503811029452365e+00
6.822968319198435161e+00
6.813599273495859698e+00
6.807838014347069588e+00
6.800640475469909241e+00
6.795505323279945387e+00
6.794797648678597923e+00
6.784422991311911844e+00
6.779938191024719174e+00
6.768204713212577772e+00
6.766485102273521512e+00
6.762444776734075624e+00
6.762373474756081748e+00
6.752692414257973397e+00
6.742869738643921806e+00
6.740073247775136167e+00
6.735381048583450436e+00
6.727246650831520292e+00
6.727246650831520292e+00
6.723449868382169292e+00
6.714391390525896064e+00
6.703709054168252024e+00
6.700772326269164303e+00
6.696542453539615636e+00
6.695179538955538412e+00
6.691286019085987746e+00
6.682859804749862853e+00
6.678624064385623171e+00
6.671999545938708920e+00
6.664697073399153737e+00
6.661602508015541879e+00
6.660449802138521669e+00
6.659279076563707100e+00
6.653070014937046750e+00
6.649110173720884198e+00
6.647033256483473984e+00
6.643556090086454091e+00
6.639276822156348068e+00
6.638352457111701632e+00
6.630948483762407974e+00
6.628421461815244164e+00
6.621485326480333278e+00
6.618858421656467428e+00
6.616180936157547876e+00
6.613846811227029221e+00
6.613328839357427213e+00
6.601520982832129292e+00
6.600587460023755071e+00
6.595217083042473227e+00
6.589454869894599831e+00
6.584418639526598227e+00
6.580265187892487155e+00
6.577285372874563052e+00
6.573703576932131476e+00
6.569917799932073699e+00
6.565236922509344097e+00
6.560455798421080509e+00
6.549117439785772987e+00
6.546539583015836605e+00
6.538094343450804757e+00
6.534670364187215696e+00
6.525904782051856756e+00
6.521738969437794964e+00
6.508728346645119345e+00
6.503082585505986835e+00
6.500243296917504132e+00
6.499533588279078344e+00
6.489036074650317509e+00
6.488500701022863915e+00
6.479185701141908282e+00
6.475929688975710974e+00
6.463275733928577793e+00
6.459969481517944700e+00
6.454405762272551250e+00
6.451389502779411700e+00
6.446092805554114236e+00
6.438966500676706062e+00
6.437833745747792769e+00
6.428030458657855384e+00
6.418475748977989781e+00
6.412928487451415194e+00
6.408488581699549158e+00
6.400565931062301317e+00
6.396708834840906022e+00
6.391970744535109716e+00
6.385903639443401225e+00
6.377222193523169658e+00
6.372934350497275524e+00
6.364998996624390948e+00
6.361283819952767260e+00
6.353026583147272532e+00
6.341417915865113386e+00
6.335966298638791017e+00
6.331331246086638664e+00
6.328295467305886213e+00
6.324190094755311797e+00
6.320936748245650882e+00
6.319292869227074227e+00
6.319292869227074227e+00
6.314223069282253853e+00
6.311893843667728987e+00
6.302114106178788866e+00
6.297782430463849224e+00
6.286403757896624533e+00
6.282738746424870513e+00
6.282212031703073407e+00
6.275638780874541744e+00
6.271009599846134819e+00
6.267472673991004051e+00
6.259132942747873685e+00
6.259001309334271568e+00
6.253799654908357653e+00
6.253732120292852414e+00
6.253428301213214802e+00
6.242890527651517196e+00
6.235129928078921857e+00
6.233179950793164892e+00
6.233010426790209557e+00
6.229877424450178225e+00
6.225340851937001041e+00
6.225340851937001041e+00
6.225111064164115859e+00
6.221659098517664965e+00
6.218252103738265646e+00
6.210046575039607220e+00
6.205362377543208297e+00
6.200980512946649092e+00
6.197843888051431271e+00
6.196935121309553374e+00
6.191103018629207533e+00
6.184638323580678332e+00
6.179346655057146087e+00
6.174592751881958996e+00
6.169345345702587302e+00
6.168059583567377047e+00
6.164354825626469747e+00
6.164354825626469747e+00
6.160619598079147607e+00
6.153549663382910317e+00
6.142266827465592272e+00
6.135704278908638010e+00
6.133728490789135179e+00
6.121348087721773190e+00
6.117893781039276391e+00
6.117203840963229666e+00
6.117203840963229666e+00
6.107469387560525043e+00
6.103710774475480605e+00
6.099159115338119719e+00
6.094530098399258300e+00
6.083746358609463556e+00
6.080970328529424762e+00
6.078426733943643079e+00
6.076704165424177795e+00
6.073602907301404841e+00
6.071642918448576509e+00
6.068770388967667628e+00
6.067750503866035316e+00
6.061909409035713736e+00
6.056415503953446411e+00
6.054741063532801171e+00
6.053977044081783276e+00
6.046362177470577137e+00
6.040920486523848609e+00
6.031514803094502497e+00
6.027548318879121680e+00
6.025531720092706323e+00
6.024326410364559514e+00
6.022970502727026165e+00
6.021644357439832618e+00
6.016438227983739395e+00
6.014121419471270436e+00
6.009950007550205697e+00
6.009769987099970123e+00
6.002636378460505462e+00
6.001212463114335982e+00
5.999414691057852522e+00
5.994286415427932724e+00
5.991164307003163714e+00
5.981622085529465060e+00
5.981347579506944179e+00
5.979146453894979452e+00
5.979146453894979452e+00
5.977877508599018341e+00
5.974002689371582520e+00
5.973658242968924448e+00
5.973359560529509338e+00
5.971072160243991789e+00
5.969467960348417535e+00
5.958086858314517009e+00
5.953395617575792720e+00
5.950205031393212884e+00
5.940748771504738457e+00
5.937439283631705145e+00
5.936545649259110213e+00
5.929381479418671219e+00
5.927020304343332491e+00
5.926592066282561966e+00
5.923576407797179755e+00
5.923576407797179755e+00
5.916827861704684111e+00
5.915654978309532019e+00
5.910943959855906371e+00
5.909566437103793035e+00
5.909566437103793035e+00
5.907256777315645913e+00
5.906870794855528572e+00
5.905781407691812923e+00
5.902681381875743760e+00
5.901304782705003582e+00
5.894726140583725460e+00
5.892889192773761664e+00
5.892889192773761664e+00
5.884067415247191235e+00
5.882718721936070594e+00
5.881663928400786112e+00
5.879385878978155233e+00
5.878965073132304653e+00
5.875735815713317933e+00
5.872786121506446300e+00
5.872786121506446300e+00
5.872786121506446300e+00
5.872786121506446300e+00
5.867986742977473469e+00
5.864868391865168284e+00
5.864868391865168284e+00
5.861016132876297746e+00
5.852658280038191663e+00
5.849871344217197233e+00
5.849809946593949483e+00
5.845313853551996175e+00
5.844248563906103477e+00
5.844248563906103477e+00
5.842623802724483895e+00
5.837447322747305378e+00
5.837093374590540229e+00
5.837093374590540229e+00
5.834161801415710613e+00
5.833103250621591407e+00
5.831193054460068304e+00
5.828653516507725563e+00
5.825937310888814835e+00
5.825759826114536466e+00
5.823069817472195098e+00
5.820294807015156557e+00
5.819770361587110585e+00
5.817154709986059657e+00
5.816881502161125539e+00
5.813915448755206938e+00
5.813915448755206938e+00
5.813915448755206938e+00
5.811817545910744620e+00
5.810532237947707124e+00
5.808371105675116830e+00
5.806546115267224195e+00
5.804622285598327380e+00
5.800907148832838978e+00
5.792394474263894644e+00
5.791467852616848155e+00
5.789897538859152704e+00
5.789787794255055076e+00
5.783808466561962014e+00
5.782276437842607031e+00
5.778786780797538825e+00
5.778786780797538825e+00
5.777481772768142676e+00
5.776328118528867961e+00
5.775979150323066413e+00
5.775979150323066413e+00
5.775979150323066413e+00
5.773887542648161286e+00
5.772837496115734268e+00
5.770866100796482101e+00
5.766920036673200300e+00
5.760452397981891792e+00
5.760452397981891792e+00
5.759056002937146701e+00
5.755743002615851367e+00
5.752309218160383431e+00
5.750152245306304977e+00
5.746001471118705517e+00
5.745064786795523126e+00
5.738746029230924250e+00
5.738459037602712698e+00
5.736274060319745516e+00
5.732032971294851897e+00
5.732032971294851897e+00
5.730042061931941433e+00
5.726248489325821645e+00
5.725200041078672086e+00
5.725200041078672086e+00
5.724156528630699015e+00
5.724156528630699015e+00
5.723794471926377803e+00
5.722712657845626438e+00
5.718250552842749634e+00
5.718250552842749634e+00
5.715990030439083824e+00
5.713395389195473406e+00
5.710939258561698040e+00
5.709638504157822148e+00
5.708580370992124564e+00
5.704831905827339789e+00
5.704831905827339789e+00
5.704831905827339789e+00
5.704831905827339789e+00
5.702604290385945518e+00
5.702604290385945518e+00
5.699945983096403879e+00
5.699945983096403879e+00
5.698129494186860988e+00
5.698129494186860988e+00
5.697405704616919309e+00
5.692763558661480872e+00
5.688620615492476773e+00
5.687245107568955405e+00
5.687245107568955405e+00
5.686529252801995504e+00
5.683361748190725926e+00
5.678208129335522436e+00
5.677777117855542954e+00
5.668782229186905219e+00
5.668078337042138592e+00
5.665936595330999914e+00
5.660703309358162016e+00
5.658341938523801851e+00
5.651039760641745069e+00
5.650538590108888037e+00
5.650528275372973752e+00
5.649771781877968024e+00
5.648747450243770452e+00
5.647210171257856182e+00
5.647210171257856182e+00
5.647210171257856182e+00
5.645059798076840885e+00
5.645059798076840885e+00
5.645059798076840885e+00
5.644584500172414643e+00
5.642499071469137206e+00
5.641813686863091704e+00
5.640760430472766096e+00
5.638945049363071504e+00
5.635540957791659977e+00
5.632655591186701116e+00
5.628741106237471925e+00
5.627415007217026144e+00
5.627013278386246320e+00
5.625905821908133042e+00
5.625905821908133042e+00
5.625739880669511805e+00
5.625739880669511805e+00
5.622531666815146600e+00
5.614435566815796363e+00
5.614257319574886829e+00
5.608829191889801002e+00
5.607606907422359122e+00
5.603802930192159693e+00
5.602655710053572768e+00
5.602655710053572768e+00
5.602655710053572768e+00
5.602381265995033388e+00
5.602102989540536093e+00
5.600625561953070708e+00
5.595973447055341943e+00
5.595634186608729799e+00
5.595634186608729799e+00
5.592207371226201040e+00
5.592207371226201040e+00
5.591451986697550502e+00
5.591150117506611394e+00
5.590848470194965003e+00
5.590848470194965003e+00
5.590282621219458292e+00
5.590282621219458292e+00
5.589443749956520158e+00
5.589013790818949445e+00
5.584922592717365575e+00
5.584286134454746531e+00
5.583948089850892416e+00
5.582332524689718412e+00
5.580403980998920765e+00
5.580403980998920765e+00
5.577040254547969589e+00
5.577040254547969589e+00
5.576659525607030155e+00
5.576659525607030155e+00
5.575409804031091987e+00
5.575409804031091987e+00
5.575409804031091987e+00
5.572637295064968299e+00
5.572637295064968299e+00
5.569987688481669252e+00
5.569987688481669252e+00
5.569987688481669252e+00
5.569987688481669252e+00
5.569197782256407159e+00
5.567842253412166542e+00
5.565388786858385117e+00
5.564270972681601535e+00
5.559083867634885046e+00
5.559083867634885046e+00
5.552036881105415489e+00
5.548698658651228577e+00
5.548698658651228577e+00
5.544733062756856512e+00
5.544733062756856512e+00
5.544733062756856512e+00
5.541975039102227107e+00
5.538826938758640850e+00
5.538737220845742826e+00
5.538284396388469588e+00
5.533982523856154856e+00
5.525415895802093580e+00
5.524529124512140399e+00
5.524349885965976092e+00
5.524349885965976092e+00
5.521440425302346355e+00
5.521440425302346355e+00
5.521194100421361384e+00
5.520450238933995557e+00
5.520450238933995557e+00
5.519841960540440517e+00
5.519841960540440517e+00
5.515581313290362608e+00
5.515581313290362608e+00
5.515581313290362608e+00
5.515581313290362608e+00
5.514571572753975914e+00
5.514571572753975914e+00
5.514571572753975914e+00
5.513646166667092174e+00
5.513646166667092174e+00
5.513646166667092174e+00
5.513646166667092174e+00
5.513646166667092174e+00
5.513646166667092174e+00
5.513646166667092174e+00
5.512213016828495071e+00
5.510154597639466800e+00
5.508221935369647326e+00
5.503299197651221775e+00
5.502715064759101438e+00
5.500468054912665217e+00
5.499216899997117380e+00
5.499216899997117380e+00
5.498702936526155938e+00
5.498702936526155938e+00
5.498702936526155938e+00
5.498702936526155938e+00
5.498702936526155938e+00
5.497987816399158234e+00
5.488123575707885671e+00
5.488123575707885671e+00
5.486533738617310973e+00
5.486533738617310973e+00
5.481073289246780611e+00
5.481073289246780611e+00
5.479963445959283419e+00
5.479963445959283419e+00
5.476916061351452036e+00
5.476916061351452036e+00
5.476718404390572559e+00
5.476718404390572559e+00
5.472470608058763730e+00
5.472203830881342768e+00
5.472203830881342768e+00
5.471172876311172217e+00
5.471172876311172217e+00
5.471172876311172217e+00
5.471172876311172217e+00
5.471172876311172217e+00
5.470715894242554889e+00
5.470715894242554889e+00
5.470430833589361441e+00
5.468559951970076938e+00
5.467829350482285911e+00
5.467829350482285911e+00
5.466206627056085843e+00
5.466206627056085843e+00
5.466206627056085843e+00
5.466107942132256703e+00
5.466107942132256703e+00
5.464992774852865054e+00
5.464715531206612020e+00
5.463963135954823080e+00
5.457467097637297648e+00
5.453769155899934162e+00
5.453769155899934162e+00
5.453023992901916195e+00
5.453023992901916195e+00
5.449303923737477184e+00
5.448845107208107663e+00
5.448715802841181066e+00
5.448715802841181066e+00
5.448715802841181066e+00
5.448715802841181066e+00
5.447793570018936826e+00
5.446095647812607687e+00
5.446095647812607687e+00
5.445042458333391622e+00
5.445042458333391622e+00
5.444540804505222376e+00
5.443447883920766728e+00
5.441892511697977497e+00
5.438969849937901557e+00
5.438969849937901557e+00
5.437213275416839409e+00
5.437213275416839409e+00
5.437213275416839409e+00
5.437213275416839409e+00
5.437213275416839409e+00
5.436649702729191347e+00
5.436649702729191347e+00
5.436649702729191347e+00
5.436649702729191347e+00
5.436549069793098710e+00
5.434246766354580593e+00
5.427144816955038031e+00
5.427144816955038031e+00
5.427144816955038031e+00
5.427144816955038031e+00
5.427144816955038031e+00
5.427144816955038031e+00
5.427144816955038031e+00
5.425276382520519469e+00
5.425276382520519469e+00
5.425276382520519469e+00
5.425276382520519469e+00
5.424277045520716989e+00
5.423695693696760856e+00
5.423695693696760856e+00
5.423695693696760856e+00
5.422458896337371215e+00
5.422458896337371215e+00
5.422458896337371215e+00
5.422458896337371215e+00
5.422059636833835405e+00
5.422059636833835405e+00
5.420845427679019224e+00
5.420845427679019224e+00
5.417272410522334880e+00
5.414473367417112826e+00
5.414159600596429200e+00
5.408811285949050252e+00
5.408811285949050252e+00
5.408466118279810608e+00
5.407379861439027380e+00
5.404677347843678703e+00
5.404677347843678703e+00
5.404677347843678703e+00
5.404677347843678703e+00
5.400423171057504135e+00
5.400423171057504135e+00
5.398863892830997990e+00
5.397476774381684272e+00
5.397476774381684272e+00
5.397476774381684272e+00
5.397371920610074092e+00
5.395734895934651831e+00
5.395734895934651831e+00
5.395734895934651831e+00
5.395734895934651831e+00
5.395734895934651831e+00
5.395404554814828835e+00
5.393385823413057167e+00
5.392886777647835750e+00
5.392886777647835750e+00
5.392809447207717710e+00
5.391123457322245294e+00
5.389783100879457223e+00
5.388732029462128814e+00
5.388244338376999565e+00
5.388244338376999565e+00
5.388244338376999565e+00
5.388244338376999565e+00
5.384565311159750678e+00
5.384565311159750678e+00
5.384565311159750678e+00
5.384565311159750678e+00
5.383199143416106836e+00
5.383199143416106836e+00
5.383199143416106836e+00
5.381640687856693361e+00
5.381640687856693361e+00
5.381640687856693361e+00
5.381615553741356806e+00
5.380619830631333755e+00
5.380619830631333755e+00
5.380619830631333755e+00
5.380123315443102072e+00
5.380123315443102072e+00
5.380123315443102072e+00
5.379204330437178605e+00
5.379204330437178605e+00
5.379204330437178605e+00
5.379204330437178605e+00
5.377710737145616982e+00
5.377710737145616982e+00
5.377522320509862119e+00
5.377522320509862119e+00
5.377522320509862119e+00
5.376963350250309581e+00
5.376963350250309581e+00
5.376963350250309581e+00
5.376963350250309581e+00
5.376963350250309581e+00
5.376963350250309581e+00
5.370899615900523116e+00
5.370899615900523116e+00
5.370899615900523116e+00
5.370899615900523116e+00
5.370899615900523116e+00
5.370899615900523116e+00
5.370737059426539339e+00
5.370737059426539339e+00
5.370737059426539339e+00
5.370737059426539339e+00
5.370400135744930914e+00
5.370400135744930914e+00
5.370400135744930914e+00
5.370400135744930914e+00
5.369905413746568712e+00
5.368249835807340276e+00
5.368249835807340276e+00
5.368249835807340276e+00
5.367181279120384119e+00
5.363651290861303877e+00
5.363492587812429768e+00
5.361456602230247448e+00
5.359730613433340451e+00
5.359730613433340451e+00
5.359730613433340451e+00
5.359730613433340451e+00
5.359730613433340451e+00
5.359730613433340451e+00
5.359353709247758779e+00
5.359353709247758779e+00
5.359353709247758779e+00
5.359224620388574500e+00
5.355745763460622477e+00
5.355745763460622477e+00
5.355745763460622477e+00
5.355745763460622477e+00
5.355745763460622477e+00
5.355745763460622477e+00
5.355745763460622477e+00
5.354669580540298846e+00
5.354669580540298846e+00
5.354669580540298846e+00
5.354669580540298846e+00
5.354669580540298846e+00
5.354669580540298846e+00
5.354669580540298846e+00
5.354669580540298846e+00
5.354669580540298846e+00
5.353334329074737497e+00
5.353334329074737497e+00
5.353334329074737497e+00
5.353334329074737497e+00
5.353334329074737497e+00
5.353334329074737497e+00
5.353334329074737497e+00
5.353161190698630278e+00
5.353161190698630278e+00
5.353161190698630278e+00
5.353161190698630278e+00
5.353161190698630278e+00
